 % Finite-difference simulation Chan180_FD2
 % 
 % Paper: "Comparison of DNS databases of turbulent channel flow
 %         at Re_tau=180" by A.W. Vreman and J.G.M. Kuerten
 % 
 % Parameters:     H=1; nu=1/180; forcing=1
 % Domain:         4pi x 2 x 4pi/3
 % Resolution:     512 x 256 x 256
 % Averaging time: 200
 % Computed u_tau: 0.99996
 % 
 % Creation date of this datafile: 2nd September 2013
 % 
 % Description of columns:
 % Column 1: y+ (=180*y)
 % Column 2: Production           -2<v'w'>d<w>/dy
 % Column 3: Pressure strain       2<p'dw'/dz>
 % Column 4: Dissipation          -2nu<|grad w'|^2>
 % Column 5: Turbulent diffusion  -d<w'w'v'>/dy
 % Column 6: Pressure diffusion    0
 % Column 7: Viscous diffusion     nu*d^2 <w'w'>/dy^2
 % Column 8: Balance (sum)
  0.24149517884E+00  0.44897604377E-09  0.75600745479E+00 -0.12761241419E+02 -0.51640042694E-03  0.22204460493E-15  0.12005763930E+02  0.13566132397E-04
  0.73154524918E+00  0.43955636638E-08  0.19800366646E+01 -0.10271181231E+02 -0.94355238563E-02  0.44408920985E-15  0.83004270562E+01 -0.15302947795E-03
  0.12311392429E+01  0.18103178884E-07  0.28997370889E+01 -0.83589578490E+01 -0.40354793199E-01  0.00000000000E+00  0.54991591862E+01 -0.41634901512E-03
  0.17404356529E+01  0.48609345236E-07  0.35962583912E+01 -0.68860938430E+01 -0.10179399767E+00  0.31086244690E-14  0.33909086808E+01 -0.72072001870E-03
  0.22595944551E+01  0.10105158647E-06  0.41353703672E+01 -0.57742801372E+01 -0.19467983835E+00  0.00000000000E+00  0.18325667952E+01 -0.10227120330E-02
  0.27887770703E+01  0.17694010048E-06  0.45678450209E+01 -0.49721737242E+01 -0.31344002037E+00  0.00000000000E+00  0.71649782576E+00 -0.12707209056E-02
  0.33281463235E+01  0.27468231084E-06  0.49308662735E+01 -0.44371770094E+01 -0.44827545192E+00  0.53290705182E-14 -0.46845699711E-01 -0.14316129013E-02
  0.38778664004E+01  0.39201200594E-06  0.52499766097E+01 -0.41275037988E+01 -0.58760861885E+00  0.88817841970E-15 -0.53635270720E+00 -0.14881231187E-02
  0.44381028007E+01  0.52835867947E-06  0.55412307205E+01 -0.40005381383E+01 -0.72020353554E+00  0.44408920985E-14 -0.82192687203E+00 -0.14372970431E-02
  0.50090222881E+01  0.68528915618E-06  0.58133324877E+01 -0.40142528997E+01 -0.83665629679E+00 -0.17763568394E-14 -0.96371517383E+00 -0.12911973306E-02
  0.55907928373E+01  0.86443710076E-06  0.60696121702E+01 -0.41294678059E+01 -0.93017238447E+00 -0.17763568394E-14 -0.10110521802E+01 -0.10793359343E-02
  0.61835835779E+01  0.10636244432E-05  0.63097620831E+01 -0.43117349066E+01 -0.99673017790E+00  0.88817841970E-15 -0.10021437323E+01 -0.84567014423E-03
  0.67875647341E+01  0.12726598071E-05  0.65312933171E+01 -0.45324034763E+01 -0.10348208410E+01  0.10658141036E-13 -0.96470695953E+00 -0.63668707009E-03
  0.74029075619E+01  0.14706300522E-05  0.67307049093E+01 -0.47688735711E+01 -0.10449711721E+01  0.00000000000E+00 -0.91734913063E+00 -0.48749398885E-03
  0.80297842815E+01  0.16263091479E-05  0.69043741951E+01 -0.50042521758E+01 -0.10292225108E+01  0.44408920985E-14 -0.87131821376E+00 -0.41707904848E-03
  0.86683680075E+01  0.17024037674E-05  0.70491883735E+01 -0.52266617803E+01 -0.99066908236E+00  0.62172489379E-14 -0.83229389101E+00 -0.43467783490E-03
  0.93188326739E+01  0.16630129740E-05  0.71629459245E+01 -0.54283987723E+01 -0.93307756166E+00 -0.62172489379E-14 -0.80201672757E+00 -0.54547400922E-03
  0.99813529560E+01  0.14826294039E-05  0.72445622166E+01 -0.56050666151E+01 -0.86055982518E+00 -0.62172489379E-14 -0.77968140357E+00 -0.74414459397E-03
  0.10656104188E+02  0.11545677545E-05  0.72941164474E+01 -0.57547563351E+01 -0.77727171842E+00  0.88817841970E-15 -0.76308791297E+00 -0.99836454006E-03
  0.11343262278E+02  0.69653559469E-06  0.73127784315E+01 -0.58773205583E+01 -0.68714146445E+00  0.35527136788E-14 -0.74955358201E+00 -0.12364767165E-02
  0.12043003613E+02  0.15112339100E-06  0.73026532790E+01 -0.59737742362E+01 -0.59366531859E+00  0.00000000000E+00 -0.73656964108E+00 -0.13557657322E-02
  0.12755504973E+02 -0.42002354899E-06  0.72665779764E+01 -0.60458388674E+01 -0.49981309622E+00  0.88817841970E-14 -0.72218126398E+00 -0.12556711903E-02
  0.13480943422E+02 -0.94732913617E-06  0.72078971713E+01 -0.60956217411E+01 -0.40804241085E+00  0.17763568394E-14 -0.70511079078E+00 -0.87871877351E-03
  0.14219496212E+02 -0.13662947578E-05  0.71302400728E+01 -0.61253995817E+01 -0.32036853416E+00 -0.35527136788E-14 -0.68470303246E+00 -0.23244180672E-03
  0.14971340671E+02 -0.16283103854E-05  0.70373178963E+01 -0.61374737535E+01 -0.23843650481E+00 -0.35527136788E-14 -0.66078767574E+00  0.61833389242E-03
  0.15736654095E+02 -0.17065113610E-05  0.69327579957E+01 -0.61340761860E+01 -0.16357836448E+00 -0.44408920985E-14 -0.63352256504E+00  0.15791735938E-02
  0.16515613625E+02 -0.15959068194E-05  0.68199833731E+01 -0.61173066756E+01 -0.96843048197E-01  0.35527136788E-14 -0.60327047877E+00  0.25615746576E-02
  0.17308396133E+02 -0.13091977819E-05  0.67021346880E+01 -0.60890852013E+01 -0.38997288187E-01  0.00000000000E+00 -0.57054348433E+00  0.35074049091E-02
  0.18115178090E+02 -0.87167645277E-06  0.65820209122E+01 -0.60511282937E+01  0.94524383272E-02  0.71054273576E-14 -0.53595790043E+00  0.43862847525E-02
  0.18936135436E+02 -0.31782586532E-06  0.64620832126E+01 -0.60049569369E+01  0.48205735020E-01 -0.26645352591E-14 -0.50014912521E+00  0.51825676008E-02
  0.19771443450E+02  0.31124775095E-06  0.63443645416E+01 -0.59519045755E+01  0.77145427848E-01 -0.88817841970E-15 -0.46372361194E+00  0.58820932416E-02
  0.20621276601E+02  0.97160890458E-06  0.62304844527E+01 -0.58930987801E+01  0.96365772926E-01 -0.88817841970E-15 -0.42730531737E+00  0.64470997787E-02
  0.21485808409E+02  0.16209197661E-05  0.61216237557E+01 -0.58294442310E+01  0.10620968758E+00 -0.35527136788E-14 -0.39158727854E+00  0.68035545808E-02
  0.22365211294E+02  0.22211446036E-05  0.60185278494E+01 -0.57616498830E+01  0.10725575614E+00  0.88817841970E-14 -0.35726973168E+00  0.68662120808E-02
  0.23259656419E+02  0.27388182415E-05  0.59215327904E+01 -0.56902938405E+01  0.10023341646E+00  0.79936057773E-14 -0.32491174223E+00  0.65633630093E-02
  0.24169313532E+02  0.31450542609E-05  0.58306106442E+01 -0.56158826919E+01  0.85937139422E-01  0.26645352591E-14 -0.29483773213E+00  0.58305046645E-02
  0.25094350802E+02  0.34184082383E-05  0.57454296014E+01 -0.55388795666E+01  0.65229903495E-01  0.79936057773E-14 -0.26716851975E+00  0.46148369852E-02
  0.26034934648E+02  0.35503747754E-05  0.56654231753E+01 -0.54597014340E+01  0.39132892365E-01  0.88817841970E-15 -0.24192439114E+00  0.29337928698E-02
  0.26991229566E+02  0.35486458020E-05  0.55898594375E+01 -0.53786994136E+01  0.89181490163E-02 -0.88817841970E-15 -0.21912396039E+00  0.95776110959E-03
  0.27963397948E+02  0.34343535441E-05  0.55179021020E+01 -0.52961556653E+01 -0.23912584857E-01  0.88817841970E-15 -0.19880476901E+00 -0.96748275500E-03
  0.28951599905E+02  0.32358598823E-05  0.54486626990E+01 -0.52123174106E+01 -0.57832395539E-01  0.35527136788E-14 -0.18092974898E+00 -0.24136201887E-02
  0.29955993068E+02  0.29841854517E-05  0.53812479799E+01 -0.51274325088E+01 -0.91543400169E-01  0.35527136788E-14 -0.16531612897E+00 -0.30410738030E-02
  0.30976732406E+02  0.27107682063E-05  0.53148032174E+01 -0.50417625023E+01 -0.12413407809E+00 -0.17763568394E-14 -0.15166329852E+00 -0.27539507261E-02
  0.32013970023E+02  0.24445139704E-05  0.52485554354E+01 -0.49555853317E+01 -0.15514526028E+00  0.00000000000E+00 -0.13954213078E+00 -0.17148429265E-02
  0.33067854957E+02  0.22077322790E-05  0.51818547832E+01 -0.48691416745E+01 -0.18440077884E+00  0.35527136788E-14 -0.12849777110E+00 -0.18323345938E-03
  0.34138532975E+02  0.20143600744E-05  0.51141845490E+01 -0.47825375002E+01 -0.21160494941E+00  0.62172489379E-14 -0.11838243610E+00  0.16616776407E-02
  0.35226146364E+02  0.18718619137E-05  0.50451251950E+01 -0.46957592001E+01 -0.23625614120E+00 -0.26645352591E-14 -0.10939921597E+00  0.37125095830E-02
  0.36330833714E+02  0.17833059278E-05  0.49743091758E+01 -0.46088004740E+01 -0.25794223422E+00 -0.88817841970E-15 -0.10176748453E+00  0.58007664100E-02
  0.37452729705E+02  0.17460286813E-05  0.49014065035E+01 -0.45217319644E+01 -0.27648181778E+00  0.88817841970E-15 -0.95494657288E-01  0.76998100547E-02
  0.38591964883E+02  0.17478473397E-05  0.48261479711E+01 -0.44346978061E+01 -0.29194505280E+00  0.17763568394E-14 -0.90296901123E-01  0.92099589983E-02
  0.39748665433E+02  0.17641153833E-05  0.47483684280E+01 -0.43478948532E+01 -0.30470254472E+00 -0.26645352591E-14 -0.85630503057E-01  0.10142291092E-01
  0.40922952956E+02  0.17547323266E-05  0.46680296512E+01 -0.42615029143E+01 -0.31521265917E+00 -0.26645352591E-14 -0.80995159293E-01  0.10320673160E-01
  0.42114944235E+02  0.16570208495E-05  0.45852071193E+01 -0.41756261349E+01 -0.32367004252E+00  0.62172489379E-14 -0.76205995183E-01  0.97066037392E-02
  0.43324751002E+02  0.13830387790E-05  0.45000650447E+01 -0.40903277507E+01 -0.32994391107E+00  0.00000000000E+00 -0.71315512519E-01  0.84792534520E-02
  0.44552479703E+02  0.83995686277E-06  0.44128271167E+01 -0.40056792449E+01 -0.33374236677E+00  0.17763568394E-14 -0.66444468243E-01  0.69618767218E-02
  0.45798231258E+02 -0.30225724049E-07  0.43237419417E+01 -0.39217538125E+01 -0.33472277480E+00  0.00000000000E+00 -0.61682378064E-01  0.55829460570E-02
  0.47062100820E+02 -0.12188067476E-05  0.42330474228E+01 -0.38385873662E+01 -0.33246975753E+00  0.53290705182E-14 -0.57097706856E-01  0.48913734042E-02
  0.48344177537E+02 -0.26494140313E-05  0.41409634756E+01 -0.37561808305E+01 -0.32670263154E+00 -0.88817841970E-15 -0.52706639744E-01  0.53707243521E-02
  0.49644544306E+02 -0.42168305866E-05  0.40477293328E+01 -0.36745213773E+01 -0.31771654724E+00  0.35527136788E-14 -0.48389298628E-01  0.70978927525E-02
  0.50963277530E+02 -0.58459158831E-05  0.39536379582E+01 -0.35935479805E+01 -0.30637679191E+00  0.13322676296E-14 -0.44133975769E-01  0.95733640712E-02
  0.52300446873E+02 -0.75239026899E-05  0.38590472219E+01 -0.35131967569E+01 -0.29385626935E+00 -0.88817841970E-15 -0.40102513387E-01  0.11884158351E-01
  0.53656115017E+02 -0.92787660011E-05  0.37643561907E+01 -0.34334797587E+01 -0.28134202425E+00  0.26645352591E-14 -0.36389572096E-01  0.13135556846E-01
  0.55030337414E+02 -0.11122093294E-04  0.36699115649E+01 -0.33544146149E+01 -0.26917508168E+00 -0.31086244690E-14 -0.33186491701E-01  0.13124254528E-01
  0.56423162050E+02 -0.12999554423E-04  0.35758886657E+01 -0.32759913484E+01 -0.25648627386E+00  0.35527136788E-14 -0.30780153241E-01  0.12617890625E-01
  0.57834629192E+02 -0.14780728234E-04  0.34822692489E+01 -0.31982648778E+01 -0.24227688662E+00 -0.88817841970E-15 -0.29113219530E-01  0.12599484217E-01
  0.59264771157E+02 -0.16285982092E-04  0.33889634868E+01 -0.31213887395E+01 -0.22663077982E+00  0.53290705182E-14 -0.27603819002E-01  0.13323862497E-01
  0.60713612069E+02 -0.17325761949E-04  0.32959790584E+01 -0.30455088934E+01 -0.21057545735E+00  0.13322676296E-14 -0.25568047271E-01  0.14309334686E-01
  0.62181167622E+02 -0.17740896674E-04  0.32034775338E+01 -0.29706317057E+01 -0.19500594702E+00 -0.44408920985E-15 -0.22847879524E-01  0.14974260572E-01
  0.63667444848E+02 -0.17463921729E-04  0.31117012631E+01 -0.28966545273E+01 -0.18029176941E+00  0.31086244690E-14 -0.19748409082E-01  0.14989093426E-01
  0.65172441888E+02 -0.16578864810E-04  0.30208887811E+01 -0.28234717112E+01 -0.16629748738E+00  0.35527136788E-14 -0.16771797736E-01  0.14331205932E-01
  0.66696147769E+02 -0.15308471836E-04  0.29312237695E+01 -0.27510823549E+01 -0.15245940474E+00 -0.88817841970E-15 -0.14320882876E-01  0.13345818472E-01
  0.68238542176E+02 -0.13932258986E-04  0.28428069944E+01 -0.26796259862E+01 -0.13846998956E+00  0.00000000000E+00 -0.12336795644E-01  0.12360290791E-01
  0.69799595245E+02 -0.12678906368E-04  0.27556858340E+01 -0.26092223954E+01 -0.12426404323E+00  0.88817841970E-15 -0.10662323132E-01  0.11524393260E-01
  0.71379267350E+02 -0.11636653033E-04  0.26698912015E+01 -0.25398919013E+01 -0.10966294696E+00  0.00000000000E+00 -0.93272547301E-02  0.10997461896E-01
  0.72977508896E+02 -0.10757674380E-04  0.25854284426E+01 -0.24716834809E+01 -0.94552545902E-01 -0.88817841970E-15 -0.82369849359E-02  0.10944673155E-01
  0.74594260131E+02 -0.99521659944E-05  0.25022739659E+01 -0.24047282906E+01 -0.79218398663E-01  0.00000000000E+00 -0.70535133578E-02  0.11263811065E-01
  0.76229450950E+02 -0.91700435243E-05  0.24204159152E+01 -0.23391383957E+01 -0.64426151840E-01  0.00000000000E+00 -0.54190419646E-02  0.11423155653E-01
  0.77883000715E+02 -0.84125326687E-05  0.23399277655E+01 -0.22748718966E+01 -0.50869349156E-01 -0.44408920985E-15 -0.33247375850E-02  0.10853369624E-01
  0.79554818089E+02 -0.76941233022E-05  0.22609570516E+01 -0.22117216462E+01 -0.38257531686E-01 -0.31086244690E-14 -0.13235138984E-02  0.96466656919E-02
  0.81244800866E+02 -0.70069752620E-05  0.21836206915E+01 -0.21495482997E+01 -0.25675699408E-01 -0.17763568394E-14  0.15611591617E-03  0.85458014086E-02
  0.82952835823E+02 -0.63207397995E-05  0.21079540814E+01 -0.20884187489E+01 -0.13086206479E-01  0.13322676296E-14  0.14426973738E-02  0.78855026668E-02
  0.84678798576E+02 -0.56026222455E-05  0.20339238685E+01 -0.20284127237E+01 -0.12026447373E-02  0.22204460493E-14  0.29799388908E-02  0.72828363235E-02
  0.86422553448E+02 -0.48453570633E-05  0.19614345719E+01 -0.19695079472E+01  0.97555623161E-02  0.66613381478E-15  0.48351095970E-02  0.65124512756E-02
  0.88183953352E+02 -0.40899556138E-05  0.18903843500E+01 -0.19116654430E+01  0.20144092849E-01  0.44408920985E-15  0.68650328027E-02  0.57239426212E-02
  0.89962839679E+02 -0.34052306208E-05  0.18207542992E+01 -0.18548397934E+01  0.30500389520E-01  0.22204460493E-14  0.86873271336E-02  0.50988172470E-02
  0.91759042210E+02 -0.28450936660E-05  0.17525504371E+01 -0.17989734636E+01  0.41597538063E-01  0.13322676296E-14  0.97023722013E-02  0.48740386561E-02
  0.93572379028E+02 -0.24429999674E-05  0.16857136460E+01 -0.17440886302E+01  0.53988118560E-01  0.26645352591E-14  0.96603227244E-02  0.52710140507E-02
  0.95402656454E+02 -0.22295791397E-05  0.16201788844E+01 -0.16902905696E+01  0.67485115661E-01  0.88817841970E-15  0.89170242376E-02  0.62882251437E-02
  0.97249668992E+02 -0.22309004461E-05  0.15559788839E+01 -0.16376737006E+01  0.81501939499E-01  0.44408920985E-15  0.79465623009E-02  0.77514542387E-02
  0.99113199294E+02 -0.24508676507E-05  0.14932318237E+01 -0.15863452300E+01  0.95256252986E-01 -0.13322676296E-14  0.72564407950E-02  0.93968365757E-02
  0.10099301813E+03 -0.28519476504E-05  0.14320572696E+01 -0.15364213248E+01  0.10803605275E+00 -0.22204460493E-15  0.72475102988E-02  0.10916655931E-01
  0.10288888439E+03 -0.33373183635E-05  0.13725327206E+01 -0.14879419047E+01  0.11951302836E+00  0.88817841970E-15  0.79194103800E-02  0.12019917356E-01
  0.10480054508E+03 -0.37734374331E-05  0.13147239373E+01 -0.14408657820E+01  0.12934769703E+00 -0.44408920985E-15  0.90585860357E-02  0.12260664963E-01
  0.10672773536E+03 -0.40850908873E-05  0.12587091674E+01 -0.13950667196E+01  0.13729414101E+00  0.13322676296E-14  0.10249249932E-01  0.11181753664E-01
  0.10867017858E+03 -0.43105463701E-05  0.12045055622E+01 -0.13503927444E+01  0.14413198098E+00  0.11102230246E-14  0.10960312843E-01  0.92008011365E-02
  0.11062758634E+03 -0.45083177956E-05  0.11519908205E+01 -0.13068268965E+01  0.15120383086E+00 -0.22204460493E-15  0.11192948819E-01  0.75561953299E-02
  0.11259965854E+03 -0.46461906224E-05  0.11009772913E+01 -0.12644658070E+01  0.15878687999E+00 -0.66613381478E-15  0.11472595625E-01  0.67663137825E-02
  0.11458608355E+03 -0.46423511590E-05  0.10513265932E+01 -0.12233646783E+01  0.16632563353E+00 -0.88817841970E-15  0.12137274790E-01  0.64201809012E-02
  0.11658653822E+03 -0.44962326043E-05  0.10029435682E+01 -0.11835007229E+01  0.17346916738E+00 -0.88817841970E-15  0.13165881463E-01  0.60733978769E-02
  0.11860068808E+03 -0.43148959689E-05  0.95576294618E+00 -0.11448021975E+01  0.18046062517E+00  0.77715611724E-15  0.14291066151E-01  0.57081251381E-02
  0.12062818748E+03 -0.42031477238E-05  0.90977442640E+00 -0.11072151083E+01  0.18779571633E+00 -0.22204460493E-15  0.15235549847E-01  0.55863811645E-02
  0.12266867973E+03 -0.41679795145E-05  0.86500364975E+00 -0.10707446549E+01  0.19566583854E+00  0.66613381478E-15  0.15860710652E-01  0.57813760202E-02
  0.12472179731E+03 -0.41276068731E-05  0.82148660474E+00 -0.10354341179E+01  0.20395812065E+00  0.44408920985E-15  0.16164311738E-01  0.61707916661E-02
  0.12678716203E+03 -0.39951765242E-05  0.77928476478E+00 -0.10013462206E+01  0.21226782041E+00  0.66613381478E-15  0.16339776328E-01  0.65421457722E-02
  0.12886438532E+03 -0.37539800452E-05  0.73846107609E+00 -0.96852300809E+00  0.22006245250E+00  0.00000000000E+00  0.16613672035E-01  0.66104385547E-02
  0.13095306842E+03 -0.34552419970E-05  0.69904037773E+00 -0.93696644743E+00  0.22715634912E+00  0.00000000000E+00  0.17065367044E-01  0.62921912171E-02
  0.13305280262E+03 -0.31681130780E-05  0.66103205541E+00 -0.90666048514E+00  0.23398368722E+00 -0.88817841970E-15  0.17624048375E-01  0.59761377555E-02
  0.13516316958E+03 -0.29505223209E-05  0.62449370993E+00 -0.87759442642E+00  0.24111200428E+00 -0.44408920985E-15  0.18104063213E-01  0.61124004826E-02
  0.13728374161E+03 -0.28381584804E-05  0.58954114361E+00 -0.84978553949E+00  0.24850382157E+00  0.66613381478E-15  0.18393782571E-01  0.66503701092E-02
  0.13941408195E+03 -0.28229681458E-05  0.55629609597E+00 -0.82328760267E+00  0.25568405741E+00  0.44408920985E-15  0.18593980409E-01  0.72837081461E-02
  0.14155374512E+03 -0.28462433320E-05  0.52483881044E+00 -0.79817899108E+00  0.26201354722E+00  0.44408920985E-15  0.18994990524E-01  0.76655108628E-02
  0.14370227724E+03 -0.28336566688E-05  0.49518191321E+00 -0.77450213193E+00  0.26685292932E+00 -0.49960036108E-15  0.19843095219E-01  0.73729721661E-02
  0.14585921643E+03 -0.27349096081E-05  0.46727714245E+00 -0.75217827901E+00  0.27019864630E+00  0.11102230246E-15  0.20995384436E-01  0.62901592657E-02
  0.14802409311E+03 -0.25302101481E-05  0.44104814800E+00 -0.73105270763E+00  0.27287243711E+00  0.66613381478E-15  0.21973415275E-01  0.48387625433E-02
  0.15019643047E+03 -0.22190307392E-05  0.41644645587E+00 -0.71106305782E+00  0.27582553179E+00 -0.33306690739E-15  0.22481860314E-01  0.36885711253E-02
  0.15237574479E+03 -0.18147932028E-05  0.39348061342E+00 -0.69230803106E+00  0.27952648461E+00  0.55511151231E-16  0.22638152380E-01  0.33354045478E-02
  0.15456154590E+03 -0.13516678438E-05  0.37218200570E+00 -0.67494652583E+00  0.28390105310E+00  0.11102230246E-15  0.22736599725E-01  0.38717810295E-02
  0.15675333762E+03 -0.89076031832E-06  0.35257237878E+00 -0.65907428504E+00  0.28843632089E+00 -0.16653345369E-15  0.22963909012E-01  0.48974328806E-02
  0.15895061813E+03 -0.50458432744E-06  0.33467865894E+00 -0.64468134124E+00  0.29244639393E+00  0.22204460493E-15  0.23259753965E-01  0.57029610069E-02
  0.16115288049E+03 -0.24187596112E-06  0.31853538226E+00 -0.63169651398E+00  0.29567374331E+00  0.11102230246E-15  0.23414166419E-01  0.59265361394E-02
  0.16335961308E+03 -0.10190842088E-06  0.30416227789E+00 -0.62007590831E+00  0.29823804653E+00  0.22204460493E-15  0.23386368952E-01  0.57106831534E-02
  0.16557030002E+03 -0.45068356729E-07  0.29156228456E+00 -0.60983539799E+00  0.30021018991E+00  0.55511151231E-16  0.23359081741E-01  0.52961131559E-02
  0.16778442172E+03 -0.27344638720E-07  0.28073754306E+00 -0.60100968221E+00  0.30166788900E+00  0.00000000000E+00  0.23448464098E-01  0.48441866046E-02
  0.17000145531E+03 -0.21962362189E-07  0.27169339346E+00 -0.59362077049E+00  0.30280252087E+00  0.44408920985E-15  0.23573558652E-01  0.44486805348E-02
  0.17222087515E+03 -0.17966620314E-07  0.26444049121E+00 -0.58768859971E+00  0.30388192767E+00  0.16653345369E-15  0.23592408459E-01  0.42262096619E-02
  0.17444215334E+03 -0.12184970128E-07  0.25899856990E+00 -0.58325099535E+00  0.30511642606E+00  0.11102230246E-15  0.23480201006E-01  0.43441894235E-02
  0.17666476018E+03 -0.55854181292E-08  0.25538090866E+00 -0.58033531301E+00  0.30640168539E+00 -0.55511151231E-16  0.23346018293E-01  0.47932937452E-02
  0.17888816473E+03 -0.12159090627E-08  0.25357980616E+00 -0.57890787406E+00  0.30726451600E+00 -0.55511151231E-16  0.23281893544E-01  0.52183404342E-02
