 % Finite-difference simulation Chan180_FD2
 % 
 % Paper: "Comparison of DNS databases of turbulent channel flow
 %         at Re_tau=180" by A.W. Vreman and J.G.M. Kuerten
 % 
 % Parameters:     H=1; nu=1/180; forcing=1
 % Domain:         4pi x 2 x 4pi/3
 % Resolution:     512 x 256 x 256
 % Averaging time: 200
 % Computed u_tau: 0.99996
 % 
 % Creation date of this datafile: 31th August 2013
 % 
 % Description of columns:
 % Column 1:  y+ (=180*ys; ys is the (staggered) y-location of v)
 % Column 2:  <v>
 % Column 3:  rms(v)  (=sqrt<v'v'>)
 % Column 4:  <v'v'v'>
 % Column 5:  <v'v'v'v'>
 % Column 6:  <u'v'>
 % Column 7:  <v'w'>
  0.48533707051E+00  0.43994144522E-16  0.19522591668E-02  0.28802076377E-08  0.37192196593E-09 -0.88266912633E-04 -0.20039788126E-07
  0.98013938498E+00  0.43898426407E-16  0.74068633588E-02  0.14051568339E-06  0.69298723951E-07 -0.73788958634E-03 -0.17625073316E-06
  0.14845646817E+01  0.43998889400E-16  0.15871256846E-01  0.12375297279E-05  0.13288061804E-05 -0.25961964152E-02 -0.63376003066E-06
  0.19987721996E+01  0.43924618531E-16  0.26905924360E-01  0.53337850801E-05  0.10042678628E-04 -0.63656840781E-02 -0.15509288003E-05
  0.25229226419E+01  0.44104682345E-16  0.40122683768E-01  0.15335060547E-04  0.45678379423E-04 -0.12737025666E-01 -0.30262551271E-05
  0.30571781369E+01  0.43799357536E-16  0.55181659090E-01  0.33606633688E-04  0.15106791953E-03 -0.22313029607E-01 -0.50813325596E-05
  0.36017021955E+01  0.44218321183E-16  0.71787495168E-01  0.59845577579E-04  0.40188163225E-03 -0.35540262544E-01 -0.76991299738E-05
  0.41566596664E+01  0.43625476492E-16  0.89685152736E-01  0.88790988669E-04  0.91335963613E-03 -0.52661688621E-01 -0.10893356575E-04
  0.47222166878E+01  0.43888973186E-16  0.10865554988E+00  0.10830950620E-03  0.18433521384E-02 -0.73697110142E-01 -0.14765530591E-04
  0.52985406357E+01  0.43738437797E-16  0.12851120679E+00  0.98239459322E-04  0.33915807414E-02 -0.98451156881E-01 -0.19519378239E-04
  0.58858000696E+01  0.44011130716E-16  0.14909197226E+00  0.30205055519E-04  0.57955324351E-02 -0.12654334493E+00 -0.25429061267E-04
  0.64841646740E+01  0.44308049335E-16  0.17026088494E+00 -0.13152452180E-03  0.93235699550E-02 -0.15745219119E+00 -0.32776932985E-04
  0.70938051971E+01  0.43903309144E-16  0.19190023539E+00 -0.42816482867E-03  0.14265824182E-01 -0.19056520232E+00 -0.41782102346E-04
  0.77148933856E+01  0.43867467824E-16  0.21390791714E+00 -0.90367655215E-03  0.20923404696E-01 -0.22522789458E+00 -0.52538885845E-04
  0.83476019162E+01  0.45522712860E-16  0.23619415854E+00 -0.16014145589E-02  0.29596536997E-01 -0.26078700005E+00 -0.64978902830E-04
  0.89921043224E+01  0.44413314632E-16  0.25867870313E+00 -0.25605137796E-02  0.40572415869E-01 -0.29662507892E+00 -0.78861737855E-04
  0.96485749191E+01  0.44633852032E-16  0.28128847073E+00 -0.38123725152E-02  0.54113685643E-01 -0.33218553424E+00 -0.93789286218E-04
  0.10317188722E+02  0.45487064339E-16  0.30395570442E+00 -0.53775327251E-02  0.70448271485E-01 -0.36698833494E+00 -0.10923624809E-03
  0.10998121362E+02  0.42110714305E-16  0.32661659165E+00 -0.72631876125E-02  0.89760987241E-01 -0.40063756448E+00 -0.12459521580E-03
  0.11691548999E+02  0.45596255630E-16  0.34921032912E+00 -0.94614880903E-02  0.11218720928E+00 -0.43282230888E+00 -0.13923945241E-03
  0.12397648229E+02  0.46185511466E-16  0.37167858130E+00 -0.11948749178E-01  0.13780883018E+00 -0.46331251347E+00 -0.15260128034E-03
  0.13116595986E+02  0.47059045043E-16  0.39396526841E+00 -0.14685585192E-01  0.16665263034E+00 -0.49195137900E+00 -0.16425123408E-03
  0.13848569442E+02  0.44425900749E-16  0.41601661048E+00 -0.17617946045E-01  0.19869115328E+00 -0.51864570516E+00 -0.17395389590E-03
  0.14593745900E+02  0.47082113977E-16  0.43778134211E+00 -0.20678958820E-01  0.23384597420E+00 -0.54335537148E+00 -0.18168162440E-03
  0.15352302686E+02  0.46394400175E-16  0.45921100549E+00 -0.23791383004E-01  0.27199283402E+00 -0.56608289403E+00 -0.18758312231E-03
  0.16124417034E+02  0.46904427849E-16  0.48026024051E+00 -0.26870422452E-01  0.31296781511E+00 -0.58686372302E+00 -0.19191306477E-03
  0.16910265967E+02  0.45898288919E-16  0.50088701421E+00 -0.29826650671E-01  0.35657383215E+00 -0.60575768738E+00 -0.19493506101E-03
  0.17710026170E+02  0.44871903960E-16  0.52105275849E+00 -0.32568861285E-01  0.40258699750E+00 -0.62284177199E+00 -0.19683372307E-03
  0.18523873867E+02  0.46535516105E-16  0.54072240940E+00 -0.35006715627E-01  0.45076253840E+00 -0.63820423347E+00 -0.19768349186E-03
  0.19351984685E+02  0.48666282628E-16  0.55986436026E+00 -0.37053130162E-01  0.50083995656E+00 -0.65193993554E+00 -0.19747249650E-03
  0.20194533514E+02  0.50910098964E-16  0.57845035642E+00 -0.38626396755E-01  0.55254737033E+00 -0.66414672527E+00 -0.19612430377E-03
  0.21051694369E+02  0.58380799852E-16  0.59645537179E+00 -0.39652044970E-01  0.60560536028E+00 -0.67492265935E+00 -0.19348949123E-03
  0.21923640238E+02  0.56857337682E-16  0.61385750056E+00 -0.40064433566E-01  0.65973064236E+00 -0.68436392508E+00 -0.18934906598E-03
  0.22810542932E+02  0.47414821319E-16  0.63063786762E+00 -0.39808014829E-01  0.71463941341E+00 -0.69256335578E+00 -0.18348734266E-03
  0.23712572928E+02  0.51302592086E-16  0.64678053536E+00 -0.38838225206E-01  0.77005001829E+00 -0.69960944855E+00 -0.17584364259E-03
  0.24629899204E+02  0.63515753307E-16  0.66227238789E+00 -0.37122032426E-01  0.82568483242E+00 -0.70558575536E+00 -0.16666789274E-03
  0.25562689075E+02  0.56365384531E-16  0.67710300008E+00 -0.34638252051E-01  0.88127144641E+00 -0.71057049292E+00 -0.15654492340E-03
  0.26511108022E+02  0.59427489866E-16  0.69126452096E+00 -0.31377696696E-01  0.93654354821E+00 -0.71463625952E+00 -0.14621779219E-03
  0.27475319511E+02  0.50049366780E-16  0.70475159369E+00 -0.27343098370E-01  0.99124238777E+00 -0.71784985255E+00 -0.13631078282E-03
  0.28455484817E+02  0.43102494407E-16  0.71756129197E+00 -0.22548803789E-01  0.10451192349E+01 -0.72027227330E+00 -0.12713928589E-03
  0.29451762835E+02  0.47179691095E-16  0.72969301770E+00 -0.17020345844E-01  0.10979380348E+01 -0.72195899677E+00 -0.11870586187E-03
  0.30464309889E+02  0.53257769283E-16  0.74114833405E+00 -0.10793874789E-01  0.11494770732E+01 -0.72296048548E+00 -0.11085284713E-03
  0.31493279541E+02  0.61401498325E-16  0.75193075924E+00 -0.39154093648E-02  0.11995291953E+01 -0.72332292308E+00 -0.10348020249E-03
  0.32538822386E+02  0.63824138634E-16  0.76204554917E+00  0.35600937851E-02  0.12479013324E+01 -0.72308918188E+00 -0.96723754843E-04
  0.33601085854E+02  0.63700182203E-16  0.77149948102E+00  0.11569935821E-01  0.12944140200E+01 -0.72229989815E+00 -0.91030293517E-04
  0.34680213997E+02  0.55534392121E-16  0.78030067266E+00  0.20045258527E-01  0.13389014924E+01 -0.72099430376E+00 -0.87128146135E-04
  0.35776347282E+02  0.47206063480E-16  0.78845853108E+00  0.28913057710E-01  0.13812133294E+01 -0.71921035486E+00 -0.85895487193E-04
  0.36889622371E+02  0.40760528101E-16  0.79598387136E+00  0.38098206286E-01  0.14212171129E+01 -0.71698402865E+00 -0.88149272469E-04
  0.38020171904E+02  0.48366037942E-16  0.80288907100E+00  0.47525021592E-01  0.14588005756E+01 -0.71434833238E+00 -0.94424482656E-04
  0.39168124276E+02  0.46907672928E-16  0.80918809500E+00  0.57118579021E-01  0.14938723916E+01 -0.71133274367E+00 -0.10475690595E-03
  0.40333603408E+02  0.43351456709E-16  0.81489635936E+00  0.66806063614E-01  0.15263607237E+01 -0.70796319658E+00 -0.11852129493E-03
  0.41516728522E+02  0.38955185535E-16  0.82003049384E+00  0.76518204858E-01  0.15562105975E+01 -0.70426207892E+00 -0.13457279127E-03
  0.42717613903E+02  0.39423574121E-16  0.82460806196E+00  0.86190544584E-01  0.15833817499E+01 -0.70024795106E+00 -0.15168307450E-03
  0.43936368671E+02  0.41121402703E-16  0.82864725111E+00  0.95764145779E-01  0.16078462330E+01 -0.69593548519E+00 -0.16875540401E-03
  0.45173096539E+02  0.40818891792E-16  0.83216657572E+00  0.10518588220E+00  0.16295868455E+01 -0.69133615798E+00 -0.18469371892E-03
  0.46427895572E+02  0.23398633001E-16  0.83518465722E+00  0.11440862366E+00  0.16485986982E+01 -0.68645962542E+00 -0.19839330570E-03
  0.47700857954E+02  0.22780072909E-16  0.83772003770E+00  0.12339097780E+00  0.16648906316E+01 -0.68131539031E+00 -0.20899619790E-03
  0.48992069735E+02  0.26034495691E-16  0.83979094198E+00  0.13209613469E+00  0.16784827402E+01 -0.67591439824E+00 -0.21631104466E-03
  0.50301610596E+02  0.28095177801E-16  0.84141504101E+00  0.14049052525E+00  0.16894032147E+01 -0.67026992582E+00 -0.22122326028E-03
  0.51629553603E+02  0.28373945353E-16  0.84260934066E+00  0.14854328214E+00  0.16976878478E+01 -0.66439703097E+00 -0.22560652039E-03
  0.52975964957E+02  0.24244230978E-16  0.84339016054E+00  0.15622600889E+00  0.17033790081E+01 -0.65831087872E+00 -0.23159468481E-03
  0.54340903757E+02  0.24885113369E-16  0.84377309017E+00  0.16351220222E+00  0.17065227366E+01 -0.65202504597E+00 -0.24071620277E-03
  0.55724421752E+02  0.16159170762E-16  0.84377296688E+00  0.17037757282E+00  0.17071698818E+01 -0.64555074322E+00 -0.25332615396E-03
  0.57126563098E+02  0.16165079717E-16  0.84340403159E+00  0.17680202609E+00  0.17053810606E+01 -0.63889735346E+00 -0.26850615332E-03
  0.58547364119E+02  0.98288877300E-17  0.84268030357E+00  0.18277148492E+00  0.17012293940E+01 -0.63207354681E+00 -0.28439874742E-03
  0.59986853064E+02  0.13793357925E-16  0.84161596421E+00  0.18827794106E+00  0.16947995166E+01 -0.62508764932E+00 -0.29872203215E-03
  0.61445049870E+02  0.63260101024E-17  0.84022547118E+00  0.19331834793E+00  0.16861840039E+01 -0.61794693973E+00 -0.30920316811E-03
  0.62921965931E+02  0.45200639649E-17  0.83852336024E+00  0.19789374699E+00  0.16754791058E+01 -0.61065689388E+00 -0.31395391663E-03
  0.64417603861E+02  0.70456702268E-17  0.83652391119E+00  0.20200860384E+00  0.16627824165E+01 -0.60322111422E+00 -0.31212112304E-03
  0.65931957272E+02  0.68475392102E-17  0.83424089989E+00  0.20566967392E+00  0.16481944236E+01 -0.59564152765E+00 -0.30441381287E-03
  0.67465010546E+02  0.76494687034E-17  0.83168758589E+00  0.20888489304E+00  0.16318228268E+01 -0.58791907826E+00 -0.29287515853E-03
  0.69016738623E+02 -0.46409334277E-18  0.82887692266E+00  0.21166290600E+00  0.16137829390E+01 -0.58005508219E+00 -0.28015624503E-03
  0.70587106782E+02 -0.51892102952E-17  0.82582192635E+00  0.21401369898E+00  0.15941964414E+01 -0.57205186386E+00 -0.26846468443E-03
  0.72176070437E+02  0.56980564502E-17  0.82253591405E+00  0.21594954951E+00  0.15731892969E+01 -0.56391224531E+00 -0.25846892428E-03
  0.73783574940E+02  0.75721336229E-17  0.81903243668E+00  0.21748544962E+00  0.15508889134E+01 -0.55563915902E+00 -0.24918354503E-03
  0.75409555383E+02  0.11256420606E-16  0.81532514649E+00  0.21863865142E+00  0.15274253987E+01 -0.54723589335E+00 -0.23914685369E-03
  0.77053936420E+02  0.13667572326E-16  0.81142774935E+00  0.21942724709E+00  0.15029338074E+01 -0.53870630903E+00 -0.22787032047E-03
  0.78716632082E+02  0.18274174272E-16  0.80735384720E+00  0.21986795542E+00  0.14775495752E+01 -0.53005493810E+00 -0.21628176157E-03
  0.80397545619E+02  0.21392349997E-16  0.80311677389E+00  0.21997576310E+00  0.14514043934E+01 -0.52128692916E+00 -0.20581764309E-03
  0.82096569333E+02  0.10061523077E-16  0.79872980962E+00  0.21976669037E+00  0.14246290931E+01 -0.51240669970E+00 -0.19734284536E-03
  0.83813584439E+02  0.17123337938E-16  0.79420626292E+00  0.21925840070E+00  0.13973504269E+01 -0.50341568310E+00 -0.19074604865E-03
  0.85548460921E+02  0.15957843666E-16  0.78955890688E+00  0.21846698037E+00  0.13696835820E+01 -0.49431183108E+00 -0.18492478331E-03
  0.87301057413E+02  0.10554665367E-16  0.78479945681E+00  0.21740441397E+00  0.13417345653E+01 -0.48509234131E+00 -0.17843279363E-03
  0.89071221078E+02  0.17028874705E-16  0.77993857677E+00  0.21607822042E+00  0.13136056648E+01 -0.47575767573E+00 -0.17050496918E-03
  0.90858787514E+02  0.14880059891E-16  0.77498615270E+00  0.21449259830E+00  0.12853949068E+01 -0.46631319120E+00 -0.16114579883E-03
  0.92663580662E+02  0.16653945552E-16  0.76995179657E+00  0.21265082403E+00  0.12571915721E+01 -0.45676722166E+00 -0.15063832181E-03
  0.94485412731E+02  0.13764077128E-16  0.76484548902E+00  0.21055641170E+00  0.12290681478E+01 -0.44712790205E+00 -0.13984439438E-03
  0.96324084140E+02  0.75862466157E-17  0.75967791307E+00  0.20821314077E+00  0.12010791897E+01 -0.43740078143E+00 -0.13089116341E-03
  0.98179383471E+02  0.69365071544E-17  0.75446035076E+00  0.20562602376E+00  0.11732678704E+01 -0.42758809172E+00 -0.12655338647E-03
  0.10005108744E+03  0.10882285042E-16  0.74920435312E+00  0.20280150091E+00  0.11456676241E+01 -0.41769000298E+00 -0.12820425485E-03
  0.10193896087E+03  0.12504006399E-16  0.74392138787E+00  0.19974706946E+00  0.11183076141E+01 -0.40770629661E+00 -0.13465236288E-03
  0.10384275671E+03 -0.21401044717E-18  0.73862253794E+00  0.19647205213E+00  0.10912271363E+01 -0.39763698164E+00 -0.14268579572E-03
  0.10576221604E+03  0.95592908742E-17  0.73331842570E+00  0.19298810416E+00  0.10644837845E+01 -0.38748259090E+00 -0.14886087585E-03
  0.10769706811E+03  0.11040505309E-16  0.72801941210E+00  0.18930812137E+00  0.10381462354E+01 -0.37724460315E+00 -0.15202723481E-03
  0.10964703038E+03  0.61611508184E-18  0.72273590593E+00  0.18544458561E+00  0.10122819878E+01 -0.36692543930E+00 -0.15365823365E-03
  0.11161180859E+03  0.81324983596E-17  0.71747851884E+00  0.18140876728E+00  0.98695226833E+00 -0.35652858627E+00 -0.15508325630E-03
  0.11359109687E+03  0.50445492948E-17  0.71225813254E+00  0.17721106858E+00  0.96221346470E+00 -0.34605868494E+00 -0.15562303829E-03
  0.11558457781E+03  0.54374748332E-18  0.70708593146E+00  0.17286084123E+00  0.93811443388E+00 -0.33552001904E+00 -0.15415193881E-03
  0.11759192259E+03  0.20830014144E-17  0.70197295016E+00  0.16836415675E+00  0.91468382735E+00 -0.32491505499E+00 -0.15160751294E-03
  0.11961279113E+03  0.17126260940E-17  0.69692946393E+00  0.16372308271E+00  0.89192742490E+00 -0.31424530874E+00 -0.15064605673E-03
  0.12164683222E+03  0.73633619027E-18  0.69196505780E+00  0.15893925889E+00  0.86984575335E+00 -0.30351252344E+00 -0.15265791952E-03
  0.12369368374E+03  0.18051750873E-17  0.68708906873E+00  0.15401652212E+00  0.84844641387E+00 -0.29271857779E+00 -0.15591642683E-03
  0.12575297282E+03  0.22789422488E-17  0.68231087674E+00  0.14896106130E+00  0.82774638603E+00 -0.28186524245E+00 -0.15695820711E-03
  0.12782431604E+03  0.18684966068E-18  0.67763988465E+00  0.14378038194E+00  0.80777012682E+00 -0.27095477892E+00 -0.15358855291E-03
  0.12990731971E+03 -0.22786484686E-17  0.67308506697E+00  0.13848106499E+00  0.78853961732E+00 -0.25999094993E+00 -0.14638591553E-03
  0.13200158005E+03 -0.22050279536E-17  0.66865450941E+00  0.13306819149E+00  0.77006909464E+00 -0.24897887001E+00 -0.13763033923E-03
  0.13410668352E+03  0.28779044515E-17  0.66435546246E+00  0.12754713626E+00  0.75236927930E+00 -0.23792366778E+00 -0.12951361273E-03
  0.13622220705E+03 -0.17126918848E-17  0.66019487291E+00  0.12192480910E+00  0.73545069314E+00 -0.22682960199E+00 -0.12345463879E-03
  0.13834771839E+03  0.19179820187E-17  0.65618004139E+00  0.11620975886E+00  0.71932385055E+00 -0.21569979895E+00 -0.12004773832E-03
  0.14048277636E+03 -0.13650739788E-17  0.65231893361E+00  0.11041217138E+00  0.70399977820E+00 -0.20453633958E+00 -0.11865976658E-03
  0.14262693125E+03  0.22294216182E-17  0.64861974592E+00  0.10454293334E+00  0.68948639529E+00 -0.19334071383E+00 -0.11777902350E-03
  0.14477972513E+03 -0.17620120375E-17  0.64508997060E+00  0.98611285157E-01  0.67578208771E+00 -0.18211373314E+00 -0.11639041404E-03
  0.14694069222E+03  0.46591228374E-17  0.64173583736E+00  0.92623582915E-01  0.66287658679E+00 -0.17085532916E+00 -0.11438560673E-03
  0.14910935928E+03 -0.31143890231E-18  0.63856272363E+00  0.86584661677E-01  0.65075953272E+00 -0.15956579074E+00 -0.11176037372E-03
  0.15128524600E+03 -0.31982733078E-17  0.63557611784E+00  0.80500245797E-01  0.63942922949E+00 -0.14824769203E+00 -0.10794255617E-03
  0.15346786537E+03 -0.11071267329E-18  0.63278221754E+00  0.74378021179E-01  0.62889267491E+00 -0.13690604356E+00 -0.10178360747E-03
  0.15565672417E+03  0.86337665907E-18  0.63018782360E+00  0.68227129005E-01  0.61916091245E+00 -0.12554607410E+00 -0.92214232435E-04
  0.15785132334E+03 -0.36336302464E-17  0.62779983800E+00  0.62057318812E-01  0.61024839813E+00 -0.11417103969E+00 -0.79037526575E-04
  0.16005115845E+03  0.16859100298E-17  0.62562454533E+00  0.55876876924E-01  0.60217063057E+00 -0.10278248969E+00 -0.63272159513E-04
  0.16225572016E+03  0.24930622541E-18  0.62366705100E+00  0.49690431109E-01  0.59493915161E+00 -0.91382202365E-01 -0.46966120559E-04
  0.16446449465E+03 -0.29280325624E-18  0.62193132824E+00  0.43498819268E-01  0.58856018607E+00 -0.79973230519E-01 -0.32465753659E-04
  0.16667696413E+03 -0.67419278151E-18  0.62042072237E+00  0.37300831165E-01  0.58303765582E+00 -0.68559103671E-01 -0.21410635028E-04
  0.16889260732E+03 -0.39597914836E-17  0.61913830395E+00  0.31095234384E-01  0.57837536755E+00 -0.57142248152E-01 -0.14105088759E-04
  0.17111089989E+03  0.10538050233E-18  0.61808668007E+00  0.24881930026E-01  0.57457440729E+00 -0.45723074439E-01 -0.96634596667E-05
  0.17333131502E+03 -0.47893198262E-17  0.61726762564E+00  0.18662578740E-01  0.57163101977E+00 -0.34300281620E-01 -0.67537577138E-05
  0.17555332384E+03  0.14181890547E-17  0.61668208559E+00  0.12440564709E-01  0.56953834496E+00 -0.22872121623E-01 -0.43499655322E-05
  0.17777639597E+03 -0.13373828854E-17  0.61633055215E+00  0.62193677271E-02  0.56828827182E+00 -0.11438060584E-01 -0.20972150072E-05
  0.18000000000E+03  0.00000000000E+00  0.61621333488E+00  0.00000000000E+00  0.56787279963E+00 -0.22204460493E-15 -0.78939235519E-17
