 % Finite-difference simulation Chan180_FD2
 % 
 % Paper: "Comparison of DNS databases of turbulent channel flow
 %         at Re_tau=180" by A.W. Vreman and J.G.M. Kuerten
 % 
 % Parameters:     H=1; nu=1/180; forcing=1
 % Domain:         4pi x 2 x 4pi/3
 % Resolution:     512 x 256 x 256
 % Averaging time: 200
 % Computed u_tau: 0.99996
 % 
 % Creation date of this datafile: 2nd September 2013
 % 
 % Description of columns:
 % Column 1: y+ (=180*y)
 % Column 2: Production           -2<u'v'>d<u>/dy
 % Column 3: Pressure strain       2<p'du'/dx>
 % Column 4: Dissipation          -2nu<|grad u'|^2>
 % Column 5: Turbulent diffusion  -d<u'u'v'>/dy
 % Column 6: Pressure diffusion    0
 % Column 7: Viscous diffusion     nu*d^2 <u'u'>/dy^2
 % Column 8: Balance (sum)
  0.24149517884E+00  0.15842435800E-01  0.11808089101E+00 -0.48601563582E+02  0.56838845423E-03  0.73552275381E-15  0.48467083386E+02  0.11519201323E-04
  0.73154524918E+00  0.14782987348E+00  0.22020638781E+00 -0.48405888168E+02  0.14107931812E+00  0.12490009027E-14  0.47896886023E+02  0.11343474671E-03
  0.12311392429E+01  0.59419491774E+00  0.17087031106E+00 -0.48348203828E+02  0.70598561622E+00 -0.55511151231E-16  0.46877433261E+02  0.28027883235E-03
  0.17404356529E+01  0.15879134769E+01  0.22686534431E-03 -0.48167972084E+02  0.19346552279E+01 -0.39698062546E-14  0.44645609117E+02  0.43260393803E-03
  0.22595944551E+01  0.33568333663E+01 -0.26558580369E+00 -0.47671933201E+02  0.39222805672E+01 -0.33306690739E-14  0.40658884514E+02  0.47944262525E-03
  0.27887770703E+01  0.60892850308E+01 -0.60467489671E+00 -0.46760692742E+02  0.65459325102E+01  0.24424906542E-14  0.34730518753E+02  0.36865494635E-03
  0.33281463235E+01  0.98994652244E+01 -0.99893716111E+00 -0.45445117714E+02  0.94635140348E+01 -0.11324274851E-13  0.27081206845E+02  0.13122933905E-03
  0.38778664004E+01  0.14801465550E+02 -0.14334387464E+01 -0.43833038766E+02  0.12192393437E+02  0.11990408666E-13  0.18272491838E+02 -0.12668650382E-03
  0.44381028007E+01  0.20698769770E+02 -0.18958509967E+01 -0.42089988718E+02  0.14232704554E+02  0.37747582837E-13  0.90540741802E+01 -0.29121153370E-03
  0.50090222881E+01  0.27391836905E+02 -0.23759875711E+01 -0.40391059666E+02  0.15185639328E+02 -0.71054273576E-14  0.18925581637E+00 -0.31518785822E-03
  0.55907928373E+01  0.34601676054E+02 -0.28654231912E+01 -0.38880863672E+02  0.14829990318E+02  0.13322676296E-13 -0.76856149955E+01 -0.23548708491E-03
  0.61835835779E+01  0.42003766880E+02 -0.33571705907E+01 -0.37650742875E+02  0.13144492507E+02  0.11546319456E-13 -0.14140465297E+02 -0.11937468284E-03
  0.67875647341E+01  0.49265191205E+02 -0.38454071367E+01 -0.36733900958E+02  0.10283875853E+02 -0.88817841970E-14 -0.18969748584E+02  0.10379252465E-04
  0.74029075619E+01  0.56078392519E+02 -0.43252533513E+01 -0.36113818267E+02  0.65266724464E+01 -0.15987211555E-13 -0.22165792800E+02  0.20054738458E-03
  0.80297842815E+01  0.62186914475E+02 -0.47926072452E+01 -0.35739601482E+02  0.22137870580E+01 -0.17763568394E-14 -0.23867972709E+02  0.52009617572E-03
  0.86683680075E+01  0.67400926771E+02 -0.52440352029E+01 -0.35542652845E+02 -0.23075205015E+01 -0.53290705182E-14 -0.24305727781E+02  0.99044108165E-03
  0.93188326739E+01  0.71602596517E+02 -0.56767150612E+01 -0.35450894237E+02 -0.67257771527E+01 -0.44408920985E-14 -0.23747648883E+02  0.15611827991E-02
  0.99813529560E+01  0.74742964769E+02 -0.60884187151E+01 -0.35398784402E+02 -0.10790852189E+02  0.16875389974E-13 -0.22462759664E+02  0.21497999320E-02
  0.10656104188E+02  0.76832810142E+02 -0.64775123508E+01 -0.35332962062E+02 -0.14324379375E+02  0.34638958368E-13 -0.20695253305E+02  0.27030495122E-02
  0.11343262278E+02  0.77930124734E+02 -0.68429496359E+01 -0.35214295304E+02 -0.17218689371E+02 -0.53290705182E-14 -0.18650959558E+02  0.32308654474E-02
  0.12043003613E+02  0.78126506244E+02 -0.71842406564E+01 -0.35017441558E+02 -0.19428369316E+02  0.35527136788E-14 -0.16492655575E+02  0.37991386931E-02
  0.12755504973E+02  0.77534208233E+02 -0.75013914745E+01 -0.34728942794E+02 -0.20958023875E+02  0.21316282073E-13 -0.14341359482E+02  0.44906070095E-02
  0.13480943422E+02  0.76274966916E+02 -0.77948185468E+01 -0.34344663198E+02 -0.21848965701E+02  0.18651746814E-13 -0.12281177161E+02  0.53423091877E-02
  0.14219496212E+02  0.74471156095E+02 -0.80652481513E+01 -0.33867159740E+02 -0.22166708590E+02  0.53290705182E-14 -0.10365747192E+02  0.62924204753E-02
  0.14971340671E+02  0.72239374005E+02 -0.83136134703E+01 -0.33303358851E+02 -0.21990300082E+02 -0.14210854715E-13 -0.86249051081E+01  0.71964933267E-02
  0.15736654095E+02  0.69686258915E+02 -0.85409588026E+01 -0.32662696206E+02 -0.21403856879E+02 -0.19539925233E-13 -0.70708347347E+01  0.79122935245E-02
  0.16515613625E+02  0.66906160296E+02 -0.87483563014E+01 -0.31955725221E+02 -0.20490313746E+02  0.40856207306E-13 -0.57034060296E+01  0.83589974817E-02
  0.17308396133E+02  0.63980235547E+02 -0.89368400458E+01 -0.31193140365E+02 -0.19327237044E+02  0.71054273576E-14 -0.45145349421E+01  0.84831499301E-02
  0.18115178090E+02  0.60976562518E+02 -0.91073615815E+01 -0.30385145933E+02 -0.17984374661E+02 -0.53290705182E-14 -0.34914927061E+01  0.81876359448E-02
  0.18936135436E+02  0.57950918872E+02 -0.92607694593E+01 -0.29541096799E+02 -0.16522488633E+02  0.71054273576E-14 -0.26192383114E+01  0.73256689192E-02
  0.19771443450E+02  0.54947952926E+02 -0.93978091952E+01 -0.28669340203E+02 -0.14993050328E+02  0.31974423109E-13 -0.18819780369E+01  0.57751629443E-02
  0.20621276601E+02  0.52002541199E+02 -0.95191280696E+01 -0.27777194082E+02 -0.13438495563E+02  0.24868995752E-13 -0.12642086874E+01  0.35147981073E-02
  0.21485808409E+02  0.49141187658E+02 -0.96252691458E+01 -0.26871018763E+02 -0.11892850266E+02 -0.30198066270E-13 -0.75139222051E+00  0.65726256837E-03
  0.22365211294E+02  0.46383363397E+02 -0.97166561504E+01 -0.25956376579E+02 -0.10382650358E+02  0.17763568394E-13 -0.33020690491E+00 -0.25265958568E-02
  0.23259656419E+02  0.43742718384E+02 -0.97935778321E+01 -0.25038240844E+02 -0.89281338711E+01  0.39079850467E-13  0.11627497187E-01 -0.56066664372E-02
  0.24169313532E+02  0.41228132825E+02 -0.98561785442E+01 -0.24121089472E+02 -0.75444012448E+01 -0.17763568394E-13  0.28544141396E+00 -0.80950216700E-02
  0.25094350802E+02  0.38844615950E+02 -0.99044697701E+01 -0.23208797890E+02 -0.62421422036E+01  0.21316282073E-13  0.50118631566E+00 -0.96075975950E-02
  0.26034934648E+02  0.36594083928E+02 -0.99383684005E+01 -0.22304564493E+02 -0.50281700701E+01 -0.35527136788E-14  0.66707371756E+00 -0.99453180274E-02
  0.26991229566E+02  0.34476041694E+02 -0.99577356907E+01 -0.21411119129E+02 -0.39062922798E+01 -0.17763568394E-13  0.79002099824E+00 -0.90844067427E-02
  0.27963397948E+02  0.32488170999E+02 -0.99623879714E+01 -0.20531073538E+02 -0.28783927295E+01  0.17763568394E-13  0.87654313281E+00 -0.71401073368E-02
  0.28951599905E+02  0.30626817155E+02 -0.99521003815E+01 -0.19667052397E+02 -0.19449681035E+01  0.71054273576E-14  0.93304032278E+00 -0.42634040761E-02
  0.29955993068E+02  0.28887378645E+02 -0.99266424385E+01 -0.18821552327E+02 -0.11050592316E+01 -0.21316282073E-13  0.96534049215E+00 -0.53485904746E-03
  0.30976732406E+02  0.27264611373E+02 -0.98858437528E+01 -0.17996799224E+02 -0.35659460740E+00 -0.31974423109E-13  0.97846297936E+00  0.38367673311E-02
  0.32013970023E+02  0.25752845337E+02 -0.98296796317E+01 -0.17194705820E+02  0.30281441327E+00  0.35527136788E-13  0.97681894751E+00  0.80932453998E-02
  0.33067854957E+02  0.24346108416E+02 -0.97583622875E+01 -0.16416850529E+02  0.87570879579E+00  0.35527136788E-14  0.96431805456E+00  0.10922449804E-01
  0.34138532975E+02  0.23038184626E+02 -0.96723903162E+01 -0.15664434130E+02  0.13655336053E+01 -0.56843418861E-13  0.94423068595E+00  0.11124470506E-01
  0.35226146364E+02  0.21822676295E+02 -0.95725231100E+01 -0.14938186129E+02  0.17775912721E+01  0.71054273576E-14  0.91873815895E+00  0.82964870343E-02
  0.36330833714E+02  0.20693134683E+02 -0.94596925599E+01 -0.14238376042E+02  0.21190486015E+01  0.63948846218E-13  0.88874782413E+00  0.28625069131E-02
  0.37452729705E+02  0.19643250227E+02 -0.93349036783E+01 -0.13565085960E+02  0.23976485005E+01  0.00000000000E+00  0.85473570136E+00 -0.43552090973E-02
  0.38591964883E+02  0.18667027338E+02 -0.91992012190E+01 -0.12918469045E+02  0.26205482148E+01  0.21316282073E-13  0.81767840535E+00 -0.12416305723E-01
  0.39748665433E+02  0.17758888221E+02 -0.90537003924E+01 -0.12298638943E+02  0.27945535977E+01 -0.65725203058E-13  0.77864924068E+00 -0.20248276550E-01
  0.40922952956E+02  0.16913718278E+02 -0.88995703817E+01 -0.11705402490E+02  0.29271343145E+01 -0.35527136788E-14  0.73771808080E+00 -0.26402198281E-01
  0.42114944235E+02  0.16126874637E+02 -0.87379241919E+01 -0.11138383478E+02  0.30260707385E+01 -0.24868995752E-13  0.69444412577E+00 -0.28918168232E-01
  0.43324751002E+02  0.15394135649E+02 -0.85697189069E+01 -0.10597394809E+02  0.30973722250E+01 -0.17763568394E-13  0.64943228824E+00 -0.26173553812E-01
  0.44552479703E+02  0.14711592612E+02 -0.83957502116E+01 -0.10082442923E+02  0.31440928311E+01 -0.71054273576E-14  0.60436574259E+00 -0.18141948852E-01
  0.45798231258E+02  0.14075537232E+02 -0.82167035474E+01 -0.95934736076E+01  0.31670173815E+01  0.28421709430E-13  0.56116230933E+00 -0.64602320026E-02
  0.47062100820E+02  0.13482370522E+02 -0.80331990709E+01 -0.91302165493E+01  0.31657141121E+01  0.42632564146E-13  0.52167302813E+00  0.63420424562E-02
  0.48344177537E+02  0.12928525059E+02 -0.78458395952E+01 -0.86919655260E+01  0.31396181493E+01  0.39079850467E-13  0.48698307791E+00  0.17321165260E-01
  0.49644544306E+02  0.12410443329E+02 -0.76552901516E+01 -0.82773606017E+01  0.30897730516E+01  0.17763568394E-13  0.45636524036E+00  0.23930867715E-01
  0.50963277530E+02  0.11924687225E+02 -0.74623315253E+01 -0.78846421306E+01  0.30198499184E+01 -0.56843418861E-13  0.42775344644E+00  0.25316934124E-01
  0.52300446873E+02  0.11468139779E+02 -0.72678547925E+01 -0.75122247748E+01  0.29351131997E+01 -0.25757174171E-13  0.39944027232E+00  0.22613683797E-01
  0.53656115017E+02  0.11038151524E+02 -0.70728394546E+01 -0.71589790236E+01  0.28410144988E+01  0.29309887850E-13  0.37068282715E+00  0.18030371668E-01
  0.55030337414E+02  0.10632531602E+02 -0.68782556398E+01 -0.68242610994E+01  0.27418176969E+01 -0.71054273576E-14  0.34189973188E+00  0.13732291209E-01
  0.56423162050E+02  0.10249373788E+02 -0.66849213906E+01 -0.65077695517E+01  0.26393367330E+01  0.17763568394E-14  0.31474085848E+00  0.10760436906E-01
  0.57834629192E+02  0.98868109653E+01 -0.64934500743E+01 -0.62089845441E+01  0.25338818670E+01 -0.44408920985E-13  0.29052444787E+00  0.87826616979E-02
  0.59264771157E+02  0.95428958573E+01 -0.63042873956E+01 -0.59267812580E+01  0.24260397086E+01  0.71054273576E-13  0.26904535564E+00  0.69122679505E-02
  0.60713612069E+02  0.92157187060E+01 -0.61177830052E+01 -0.56597926507E+01  0.23167913737E+01  0.53290705182E-14  0.24946214314E+00  0.43965670187E-02
  0.62181167622E+02  0.89036020053E+01 -0.59342325998E+01 -0.54069014125E+01  0.22071667602E+01  0.00000000000E+00  0.23131730981E+00  0.95206295444E-03
  0.63667444848E+02  0.86051380837E+01 -0.57538657749E+01 -0.51672331770E+01  0.20988322323E+01  0.30198066270E-13  0.21422256892E+00 -0.29060670010E-02
  0.65172441888E+02  0.83190784412E+01 -0.55768367005E+01 -0.49400549357E+01  0.19945038057E+01 -0.88817841970E-14  0.19768289274E+00 -0.56264965258E-02
  0.66696147769E+02  0.80442218039E+01 -0.54032044495E+01 -0.47248789045E+01  0.18960218036E+01 -0.62172489379E-13  0.18203341519E+00 -0.58063312958E-02
  0.68238542176E+02  0.77793828358E+01 -0.52329485778E+01 -0.45212128709E+01  0.18030233362E+01  0.55955240441E-13  0.16778924570E+00 -0.39660308843E-02
  0.69799595245E+02  0.75234911688E+01 -0.50660340638E+01 -0.43282350969E+01  0.17146833976E+01  0.44408920985E-13  0.15429979398E+00 -0.17948002552E-02
  0.71379267350E+02  0.72757466899E+01 -0.49024615800E+01 -0.41451246402E+01  0.16308799849E+01  0.33750779949E-13  0.14088067012E+00 -0.78875291961E-04
  0.72977508896E+02  0.70356088221E+01 -0.47422992147E+01 -0.39714169528E+01  0.15515069254E+01 -0.52402526762E-13  0.12819128070E+00  0.15908606276E-02
  0.74594260131E+02  0.68025950881E+01 -0.45856465755E+01 -0.38067401477E+01  0.14759551420E+01 -0.51514348343E-13  0.11730909998E+00  0.34726067837E-02
  0.76229450950E+02  0.65761427110E+01 -0.44326080636E+01 -0.36505115102E+01  0.14035182894E+01 -0.12434497876E-13  0.10845904886E+00  0.50004754398E-02
  0.77883000715E+02  0.63556520886E+01 -0.42833073182E+01 -0.35019940036E+01  0.13339122899E+01 -0.26645352591E-14  0.10108529287E+00  0.53483496500E-02
  0.79554818089E+02  0.61406074449E+01 -0.41378629197E+01 -0.33604113064E+01  0.12679303639E+01 -0.33750779949E-13  0.93971001620E-01  0.42345841807E-02
  0.81244800866E+02  0.59307136317E+01 -0.39963139998E+01 -0.32252338061E+01  0.12074512688E+01  0.28865798640E-13  0.85863429986E-01  0.24805244931E-02
  0.82952835823E+02  0.57259759466E+01 -0.38585190850E+01 -0.30964797706E+01  0.11535724813E+01 -0.84376949872E-14  0.76779818950E-01  0.13293912157E-02
  0.84678798576E+02  0.55265607935E+01 -0.37242111159E+01 -0.29744075304E+01  0.11058192897E+01 -0.19539925233E-13  0.67861094337E-01  0.16225312061E-02
  0.86422553448E+02  0.53324444603E+01 -0.35931488053E+01 -0.28590048637E+01  0.10628518465E+01  0.11723955140E-12  0.60531292563E-01  0.36739303196E-02
  0.88183953352E+02  0.51431467571E+01 -0.34651501053E+01 -0.27498188991E+01  0.10226767501E+01  0.15543122345E-13  0.55589918521E-01  0.64444213089E-02
  0.89962839679E+02  0.49578415171E+01 -0.33401231787E+01 -0.26460350443E+01  0.98390668590E+00  0.57287508071E-13  0.52424335947E-01  0.80143159117E-02
  0.91759042210E+02  0.47757573788E+01 -0.32180962456E+01 -0.25467749437E+01  0.94680693729E+00 -0.10658141036E-13  0.49784926322E-01  0.74780530684E-02
  0.93572379028E+02  0.45964807343E+01 -0.30991222767E+01 -0.24514353421E+01  0.91258021216E+00 -0.84376949872E-13  0.46761881446E-01  0.52652090551E-02
  0.95402656454E+02  0.44199349784E+01 -0.29831732537E+01 -0.23598464892E+01  0.88242799074E+00  0.80824236193E-13  0.43174517317E-01  0.25177435202E-02
  0.97249668992E+02  0.42461428971E+01 -0.28701250351E+01 -0.22720991876E+01  0.85679954429E+00 -0.14210854715E-13  0.39656140202E-01  0.37435895250E-03
  0.99113199294E+02  0.40750252798E+01 -0.27598121161E+01 -0.21881534876E+01  0.83545091522E+00 -0.30642155480E-13  0.36642027924E-01 -0.84738075331E-03
  0.10099301813E+03  0.39064112163E+01 -0.26520994850E+01 -0.21077797651E+01  0.81834595513E+00  0.00000000000E+00  0.33803813758E-01 -0.13182648945E-02
  0.10288888439E+03  0.37401613883E+01 -0.25468969145E+01 -0.20308312947E+01  0.80566760554E+00 -0.49737991503E-13  0.31047686956E-01 -0.85152841513E-03
  0.10480054508E+03  0.35761865556E+01 -0.24441304658E+01 -0.19572821187E+01  0.79703476382E+00  0.88817841970E-15  0.28911722617E-01  0.72045744754E-03
  0.10672773536E+03  0.34143800144E+01 -0.23437325342E+01 -0.18870130116E+01  0.79124189307E+00  0.51958437552E-13  0.27792817641E-01  0.26691793906E-02
  0.10867017858E+03  0.32546264165E+01 -0.22455797065E+01 -0.18197447360E+01  0.78708045370E+00 -0.22648549702E-13  0.27358828667E-01  0.37412563909E-02
  0.11062758634E+03  0.30968797243E+01 -0.21494981533E+01 -0.17551753511E+01  0.78410842119E+00  0.97699626167E-14  0.26966752966E-01  0.32813941060E-02
  0.11259965854E+03  0.29411984909E+01 -0.20554476507E+01 -0.16931206657E+01  0.78310850113E+00 -0.23092638912E-13  0.26228873800E-01  0.19675494981E-02
  0.11458608355E+03  0.27877350294E+01 -0.19635450288E+01 -0.16335656672E+01  0.78536987535E+00  0.10258460748E-12  0.25177783421E-01  0.11719921087E-02
  0.11658653822E+03  0.26367014220E+01 -0.18738797080E+01 -0.15765748148E+01  0.79082201720E+00  0.17319479184E-13  0.24119776978E-01  0.11886933128E-02
  0.11860068808E+03  0.24882940642E+01 -0.17864796878E+01 -0.15221506943E+01  0.79830533949E+00 -0.23536728122E-13  0.23310690492E-01  0.12797121713E-02
  0.12062818748E+03  0.23426290734E+01 -0.17013645305E+01 -0.14702042182E+01  0.80755696094E+00  0.21538326678E-13  0.22743057886E-01  0.13603435011E-02
  0.12266867973E+03  0.21997567051E+01 -0.16185025030E+01 -0.14206427316E+01  0.81893249038E+00  0.93702823278E-13  0.22393520395E-01  0.19374812966E-02
  0.12472179731E+03  0.20597268184E+01 -0.15378531375E+01 -0.13734326495E+01  0.83201058979E+00  0.36415315208E-13  0.22489051197E-01  0.29406723994E-02
  0.12678716203E+03  0.19226243704E+01 -0.14594258638E+01 -0.13285241014E+01  0.84574327622E+00 -0.65059069243E-13  0.23330408496E-01  0.37480899337E-02
  0.12886438532E+03  0.17885537195E+01 -0.13832632565E+01 -0.12857765446E+01  0.85940329130E+00  0.41522341121E-13  0.24783189938E-01  0.37003996080E-02
  0.13095306842E+03  0.16576331148E+01 -0.13094497418E+01 -0.12450291703E+01  0.87324193428E+00  0.31530333899E-13  0.26291861752E-01  0.26879986672E-02
  0.13305280262E+03  0.15300121979E+01 -0.12381263631E+01 -0.12062313349E+01  0.88816511613E+00  0.19539925233E-13  0.27620718725E-01  0.14403347347E-02
  0.13516316958E+03  0.14058684057E+01 -0.11694569606E+01 -0.11694181069E+01  0.90445918089E+00 -0.47073456244E-13  0.29038899357E-01  0.49141844299E-03
  0.13728374161E+03  0.12853994688E+01 -0.11035833630E+01 -0.11345511960E+01  0.92181879676E+00  0.11657341759E-12  0.30618281249E-01 -0.29801223006E-03
  0.13941408195E+03  0.11688300907E+01 -0.10405851578E+01 -0.11015462452E+01  0.94028945343E+00 -0.19539925233E-13  0.32219265687E-01 -0.79259323416E-03
  0.14155374512E+03  0.10564020957E+01 -0.98045752713E+00 -0.10704160785E+01  0.95990494015E+00 -0.11102230246E-14  0.33927651963E-01 -0.63891776309E-03
  0.14370227724E+03  0.94835813989E+00 -0.92311976151E+00 -0.10412486917E+01  0.98022559325E+00 -0.16209256160E-13  0.35858518790E-01  0.73798680167E-04
  0.14585921643E+03  0.84493972892E+00 -0.86847662827E+00 -0.10141177217E+01  0.10005776830E+01 -0.57065463466E-13  0.38103072103E-01  0.10261341244E-02
  0.14802409311E+03  0.74637882913E+00 -0.81647428848E+00 -0.98898097234E+00  0.10202316402E+01  0.18429702209E-13  0.40676689571E-01  0.18318980292E-02
  0.15019643047E+03  0.65288577260E+00 -0.76713289287E+00 -0.96567146618E+00  0.10386613184E+01  0.50848214528E-13  0.43366352962E-01  0.21090849305E-02
  0.15237574479E+03  0.56466320815E+00 -0.72058556318E+00 -0.94405174810E+00  0.10557336794E+01 -0.26423307986E-13  0.45963771655E-01  0.17233479434E-02
  0.15456154590E+03  0.48193924142E+00 -0.67705319935E+00 -0.92411716880E+00  0.10717395525E+01  0.42188474936E-13  0.48459571623E-01  0.96799735240E-03
  0.15675333762E+03  0.40497736489E+00 -0.63675724444E+00 -0.90597408930E+00  0.10872081222E+01 -0.28088642523E-13  0.51065266229E-01  0.51941960755E-03
  0.15895061813E+03  0.33404712668E+00 -0.59985723290E+00 -0.88971366001E+00  0.11022726629E+01  0.41411318819E-13  0.54011299788E-01  0.76019646703E-03
  0.16115288049E+03  0.26939301270E+00 -0.56645304028E+00 -0.87526543595E+00  0.11165981600E+01  0.44408920985E-15  0.57136036756E-01  0.14087331912E-02
  0.16335961308E+03  0.21123470836E+00 -0.53662205359E+00 -0.86245094756E+00  0.11297820776E+01 -0.10269562978E-12  0.60003030087E-01  0.19468148643E-02
  0.16557030002E+03  0.15978294943E+00 -0.51043716980E+00 -0.85115342314E+00  0.11415805839E+01  0.25757174171E-13  0.62291299184E-01  0.20642396143E-02
  0.16778442172E+03  0.11524176999E+00 -0.48794727293E+00 -0.84138375785E+00  0.11519652200E+01  0.51070259133E-14  0.63988945185E-01  0.18649044430E-02
  0.17000145531E+03  0.77796766740E-01 -0.46916287739E+00 -0.83323796506E+00  0.11608445371E+01  0.30309088572E-13  0.65379906230E-01  0.16203675950E-02
  0.17222087515E+03  0.47610150359E-01 -0.45408001326E+00 -0.82679443021E+00  0.11680301306E+01 -0.24535928844E-13  0.66706331005E-01  0.14721684668E-02
  0.17444215334E+03  0.24825827940E-01 -0.44272343677E+00 -0.82205285827E+00  0.11735041184E+01  0.21094237468E-14  0.67921333305E-01  0.14749846150E-02
  0.17666476018E+03  0.95657177198E-02 -0.43513996030E+00 -0.81895910905E+00  0.11773225423E+01 -0.59563465271E-13  0.68842647018E-01  0.16318376680E-02
  0.17888816473E+03  0.19150803695E-02 -0.43135081430E+00 -0.81744055506E+00  0.11793483463E+01 -0.42466030692E-13  0.69336595508E-01  0.18086527878E-02
