 % Finite-difference simulation Chan180_FD2
 % 
 % Paper: "Comparison of DNS databases of turbulent channel flow
 %         at Re_tau=180" by A.W. Vreman and J.G.M. Kuerten
 % 
 % Parameters:     H=1; nu=1/180; forcing=1
 % Domain:         4pi x 2 x 4pi/3
 % Resolution:     512 x 256 x 256
 % Averaging time: 200
 % Computed u_tau: 0.99996
 % 
 % Creation date of this datafile: 31th August 2013
 % 
 % Description of columns:
 % Column  1:  y+ (=180*ys; ys is the (staggered) y-location of v)
 % Column  2:  <du/dy>
 % Column  3:  <dw/dy>
 % Column  5:  rms(du/dy)
 % Column  7:  rms(dv/dx)
 % Column  9:  rms(dv/dz)
 % Column 11:  rms(dw/dy)
  0.00000000000E+00  0.17998452204E+03  0.22402813767E-01  0.00000000000E+00  0.66261541270E+02  0.00000000000E+00  0.10000000000E-09  0.00000000000E+00  0.10000000000E-09  0.00000000000E+00  0.35724215648E+02  0.00000000000E+00
  0.48533707051E+00  0.17948328912E+03  0.22404231070E-01  0.00000000000E+00  0.65992890051E+02  0.00000000000E+00  0.13926164788E-01  0.00000000000E+00  0.54066939761E-01  0.00000000000E+00  0.31931149011E+02  0.00000000000E+00
  0.98013938498E+00  0.17887152784E+03  0.22391893352E-01  0.00000000000E+00  0.65832519378E+02  0.00000000000E+00  0.51055891530E-01  0.00000000000E+00  0.20143313392E+00  0.00000000000E+00  0.28632618028E+02  0.00000000000E+00
  0.14845646817E+01  0.17803255461E+03  0.22337463045E-01  0.00000000000E+00  0.65578561778E+02  0.00000000000E+00  0.10620573606E+00  0.00000000000E+00  0.42460480892E+00  0.00000000000E+00  0.25733070806E+02  0.00000000000E+00
  0.19987721996E+01  0.17683975250E+03  0.22214271839E-01  0.00000000000E+00  0.65065706298E+02  0.00000000000E+00  0.17526368114E+00  0.00000000000E+00  0.70867150345E+00  0.00000000000E+00  0.23213511255E+02  0.00000000000E+00
  0.25229226419E+01  0.17516863262E+03  0.22007011870E-01  0.00000000000E+00  0.64180603852E+02  0.00000000000E+00  0.25500941694E+00  0.00000000000E+00  0.10410960916E+01  0.00000000000E+00  0.21100678859E+02  0.00000000000E+00
  0.30571781369E+01  0.17291052489E+03  0.21715025868E-01  0.00000000000E+00  0.62881337801E+02  0.00000000000E+00  0.34295296042E+00  0.00000000000E+00  0.14114544209E+01  0.00000000000E+00  0.19436261818E+02  0.00000000000E+00
  0.36017021955E+01  0.16998488843E+03  0.21345404405E-01  0.00000000000E+00  0.61202728084E+02  0.00000000000E+00  0.43720357092E+00  0.00000000000E+00  0.18111503249E+01  0.00000000000E+00  0.18247694170E+02  0.00000000000E+00
  0.41566596664E+01  0.16634783686E+03  0.20899982620E-01  0.00000000000E+00  0.59243240929E+02  0.00000000000E+00  0.53636761377E+00  0.00000000000E+00  0.22331266101E+01  0.00000000000E+00  0.17525873436E+02  0.00000000000E+00
  0.47222166878E+01  0.16199565708E+03  0.20364166024E-01  0.00000000000E+00  0.57139331042E+02  0.00000000000E+00  0.63946800902E+00  0.00000000000E+00  0.26715906943E+01  0.00000000000E+00  0.17217776169E+02  0.00000000000E+00
  0.52985406357E+01  0.15696336755E+03  0.19703570221E-01  0.00000000000E+00  0.55035959800E+02  0.00000000000E+00  0.74587572727E+00  0.00000000000E+00  0.31217669217E+01  0.00000000000E+00  0.17237082491E+02  0.00000000000E+00
  0.58858000696E+01  0.15131930440E+03  0.18869578233E-01  0.00000000000E+00  0.53060505653E+02  0.00000000000E+00  0.85524548813E+00  0.00000000000E+00  0.35796808195E+01  0.00000000000E+00  0.17485327779E+02  0.00000000000E+00
  0.64841646740E+01  0.14515717931E+03  0.17810964269E-01  0.00000000000E+00  0.51304613553E+02  0.00000000000E+00  0.96745155686E+00  0.00000000000E+00  0.40419764433E+01  0.00000000000E+00  0.17871308100E+02  0.00000000000E+00
  0.70938051971E+01  0.13858708166E+03  0.16487227453E-01  0.00000000000E+00  0.49816086692E+02  0.00000000000E+00  0.10825234206E+01  0.00000000000E+00  0.45057662290E+01  0.00000000000E+00  0.18321736624E+02  0.00000000000E+00
  0.77148933856E+01  0.13172665543E+03  0.14879627056E-01  0.00000000000E+00  0.48600638395E+02  0.00000000000E+00  0.12005841303E+01  0.00000000000E+00  0.49685129552E+01  0.00000000000E+00  0.18783591495E+02  0.00000000000E+00
  0.83476019162E+01  0.12469332139E+03  0.12997297335E-01  0.00000000000E+00  0.47631128015E+02  0.00000000000E+00  0.13217947584E+01  0.00000000000E+00  0.54279429891E+01  0.00000000000E+00  0.19221771315E+02  0.00000000000E+00
  0.89921043224E+01  0.11759804561E+03  0.10877944998E-01  0.00000000000E+00  0.46860415457E+02  0.00000000000E+00  0.14463072589E+01  0.00000000000E+00  0.58819869401E+01  0.00000000000E+00  0.19615175406E+02  0.00000000000E+00
  0.96485749191E+01  0.11054083689E+03  0.85847686829E-02  0.00000000000E+00  0.46233906258E+02  0.00000000000E+00  0.15742267965E+01  0.00000000000E+00  0.63287409165E+01  0.00000000000E+00  0.19952852182E+02  0.00000000000E+00
  0.10317188722E+02  0.10360791936E+03  0.62018797666E-02  0.00000000000E+00  0.45699149208E+02  0.00000000000E+00  0.17055843392E+01  0.00000000000E+00  0.67664422578E+01  0.00000000000E+00  0.20230795329E+02  0.00000000000E+00
  0.10998121362E+02  0.96870378044E+02  0.38291813584E-02  0.00000000000E+00  0.45211614452E+02  0.00000000000E+00  0.18403204930E+01  0.00000000000E+00  0.71934561425E+01  0.00000000000E+00  0.20449471281E+02  0.00000000000E+00
  0.11691548999E+02  0.90384001936E+02  0.15759751507E-02  0.00000000000E+00  0.44737103478E+02  0.00000000000E+00  0.19782806002E+01  0.00000000000E+00  0.76082703827E+01  0.00000000000E+00  0.20612004459E+02  0.00000000000E+00
  0.12397648229E+02  0.84190028774E+02 -0.44766679443E-03  0.00000000000E+00  0.44251787809E+02  0.00000000000E+00  0.21192196172E+01  0.00000000000E+00  0.80094956457E+01  0.00000000000E+00  0.20722921536E+02  0.00000000000E+00
  0.13116595986E+02  0.78316508575E+02 -0.21412869435E-02  0.00000000000E+00  0.43740868589E+02  0.00000000000E+00  0.22628141530E+01  0.00000000000E+00  0.83958693610E+01  0.00000000000E+00  0.20787347489E+02  0.00000000000E+00
  0.13848569442E+02  0.72780034902E+02 -0.34240113455E-02  0.00000000000E+00  0.43196648372E+02  0.00000000000E+00  0.24086782327E+01  0.00000000000E+00  0.87662629184E+01  0.00000000000E+00  0.20810527594E+02  0.00000000000E+00
  0.14593745900E+02  0.67587633249E+02 -0.42418964890E-02  0.00000000000E+00  0.42616569907E+02  0.00000000000E+00  0.25563795925E+01  0.00000000000E+00  0.91196911927E+01  0.00000000000E+00  0.20797550715E+02  0.00000000000E+00
  0.15352302686E+02  0.62738639178E+02 -0.45720304162E-02  0.00000000000E+00  0.42001522260E+02  0.00000000000E+00  0.27054552056E+01  0.00000000000E+00  0.94553217796E+01  0.00000000000E+00  0.20753194545E+02  0.00000000000E+00
  0.16124417034E+02  0.58226445325E+02 -0.44232299726E-02  0.00000000000E+00  0.41354497699E+02  0.00000000000E+00  0.28554257158E+01  0.00000000000E+00  0.97724811891E+01  0.00000000000E+00  0.20681853345E+02  0.00000000000E+00
  0.16910265967E+02  0.54040043563E+02 -0.38322054295E-02  0.00000000000E+00  0.40679582351E+02  0.00000000000E+00  0.30058076536E+01  0.00000000000E+00  0.10070656173E+02  0.00000000000E+00  0.20587490286E+02  0.00000000000E+00
  0.17710026170E+02  0.50165331129E+02 -0.28560481097E-02  0.00000000000E+00  0.39981242842E+02  0.00000000000E+00  0.31561223339E+01  0.00000000000E+00  0.10349489371E+02  0.00000000000E+00  0.20473591969E+02  0.00000000000E+00
  0.18523873867E+02  0.46586182331E+02 -0.15656839485E-02  0.00000000000E+00  0.39263855699E+02  0.00000000000E+00  0.33059011498E+01  0.00000000000E+00  0.10608770107E+02  0.00000000000E+00  0.20343186659E+02  0.00000000000E+00
  0.19351984685E+02  0.43285306742E+02 -0.42112169406E-04  0.00000000000E+00  0.38531427535E+02  0.00000000000E+00  0.34546879634E+01  0.00000000000E+00  0.10848422331E+02  0.00000000000E+00  0.20198909845E+02  0.00000000000E+00
  0.20194533514E+02  0.40244921524E+02  0.16293939101E-02  0.00000000000E+00  0.37787458080E+02  0.00000000000E+00  0.36020405737E+01  0.00000000000E+00  0.11068491270E+02  0.00000000000E+00  0.20043006458E+02  0.00000000000E+00
  0.21051694369E+02  0.37447266010E+02  0.33699254375E-02  0.00000000000E+00  0.37034899980E+02  0.00000000000E+00  0.37475335488E+01  0.00000000000E+00  0.11269129706E+02  0.00000000000E+00  0.19877264394E+02  0.00000000000E+00
  0.21923640238E+02  0.34874981603E+02  0.51168702774E-02  0.00000000000E+00  0.36276203144E+02  0.00000000000E+00  0.38907631074E+01  0.00000000000E+00  0.11450584271E+02  0.00000000000E+00  0.19703006474E+02  0.00000000000E+00
  0.22810542932E+02  0.32511370854E+02  0.68248304093E-02  0.00000000000E+00  0.35513488308E+02  0.00000000000E+00  0.40313527489E+01  0.00000000000E+00  0.11613183197E+02  0.00000000000E+00  0.19521214335E+02  0.00000000000E+00
  0.23712572928E+02  0.30340548328E+02  0.84538071649E-02  0.00000000000E+00  0.34748762171E+02  0.00000000000E+00  0.41689576998E+01  0.00000000000E+00  0.11757326923E+02  0.00000000000E+00  0.19332696635E+02  0.00000000000E+00
  0.24629899204E+02  0.28347508986E+02  0.99509628881E-02  0.00000000000E+00  0.33983859600E+02  0.00000000000E+00  0.43032673084E+01  0.00000000000E+00  0.11883479943E+02  0.00000000000E+00  0.19138198676E+02  0.00000000000E+00
  0.25562689075E+02  0.26518153508E+02  0.11242154551E-01  0.00000000000E+00  0.33220140950E+02  0.00000000000E+00  0.44340049146E+01  0.00000000000E+00  0.11992161496E+02  0.00000000000E+00  0.18938433443E+02  0.00000000000E+00
  0.26511108022E+02  0.24839302908E+02  0.12245244067E-01  0.00000000000E+00  0.32458463568E+02  0.00000000000E+00  0.45609254399E+01  0.00000000000E+00  0.12083935856E+02  0.00000000000E+00  0.18734046169E+02  0.00000000000E+00
  0.27475319511E+02  0.23298709495E+02  0.12898269772E-01  0.00000000000E+00  0.31699638223E+02  0.00000000000E+00  0.46838137572E+01  0.00000000000E+00  0.12159403919E+02  0.00000000000E+00  0.18525552997E+02  0.00000000000E+00
  0.28455484817E+02  0.21885051540E+02  0.13183810831E-01  0.00000000000E+00  0.30944892547E+02  0.00000000000E+00  0.48024863472E+01  0.00000000000E+00  0.12219196891E+02  0.00000000000E+00  0.18313371082E+02  0.00000000000E+00
  0.29451762835E+02  0.20587902357E+02  0.13139027536E-01  0.00000000000E+00  0.30195817611E+02  0.00000000000E+00  0.49167940737E+01  0.00000000000E+00  0.12263972386E+02  0.00000000000E+00  0.18097944212E+02  0.00000000000E+00
  0.30464309889E+02  0.19397681610E+02  0.12850421985E-01  0.00000000000E+00  0.29454070901E+02  0.00000000000E+00  0.50266221115E+01  0.00000000000E+00  0.12294410774E+02  0.00000000000E+00  0.17879799739E+02  0.00000000000E+00
  0.31493279541E+02  0.18305591646E+02  0.12430033102E-01  0.00000000000E+00  0.28721284574E+02  0.00000000000E+00  0.51318857079E+01  0.00000000000E+00  0.12311209311E+02  0.00000000000E+00  0.17659564775E+02  0.00000000000E+00
  0.32538822386E+02  0.17303524367E+02  0.11974841443E-01  0.00000000000E+00  0.27999030061E+02  0.00000000000E+00  0.52325222818E+01  0.00000000000E+00  0.12315073371E+02  0.00000000000E+00  0.17437958112E+02  0.00000000000E+00
  0.33601085854E+02  0.16383938539E+02  0.11528916479E-01  0.00000000000E+00  0.27288728358E+02  0.00000000000E+00  0.53284811038E+01  0.00000000000E+00  0.12306706672E+02  0.00000000000E+00  0.17215489417E+02  0.00000000000E+00
  0.34680213997E+02  0.15539744807E+02  0.11074256324E-01  0.00000000000E+00  0.26591462235E+02  0.00000000000E+00  0.54197151052E+01  0.00000000000E+00  0.12286801932E+02  0.00000000000E+00  0.16992189210E+02  0.00000000000E+00
  0.35776347282E+02  0.14764260185E+02  0.10559140182E-01  0.00000000000E+00  0.25907667689E+02  0.00000000000E+00  0.55061823289E+01  0.00000000000E+00  0.12256033086E+02  0.00000000000E+00  0.16767903943E+02  0.00000000000E+00
  0.36889622371E+02  0.14051255640E+02  0.99413575744E-02  0.00000000000E+00  0.25237297845E+02  0.00000000000E+00  0.55878571366E+01  0.00000000000E+00  0.12215054546E+02  0.00000000000E+00  0.16542688749E+02  0.00000000000E+00
  0.38020171904E+02  0.13395039810E+02  0.92105905088E-02  0.00000000000E+00  0.24580509446E+02  0.00000000000E+00  0.56647373015E+01  0.00000000000E+00  0.12164506534E+02  0.00000000000E+00  0.16316849596E+02  0.00000000000E+00
  0.39168124276E+02  0.12790502150E+02  0.83826654477E-02  0.00000000000E+00  0.23937938864E+02  0.00000000000E+00  0.57368390204E+01  0.00000000000E+00  0.12105022436E+02  0.00000000000E+00  0.16090926630E+02  0.00000000000E+00
  0.40333603408E+02  0.12233100923E+02  0.74752244978E-02  0.00000000000E+00  0.23310099851E+02  0.00000000000E+00  0.58041904337E+01  0.00000000000E+00  0.12037234850E+02  0.00000000000E+00  0.15865609908E+02  0.00000000000E+00
  0.41516728522E+02  0.11718837761E+02  0.64556812046E-02  0.00000000000E+00  0.22696926048E+02  0.00000000000E+00  0.58668351508E+01  0.00000000000E+00  0.11961769302E+02  0.00000000000E+00  0.15641399201E+02  0.00000000000E+00
  0.42717613903E+02  0.11244219396E+02  0.51967684127E-02  0.00000000000E+00  0.22098576817E+02  0.00000000000E+00  0.59248363405E+01  0.00000000000E+00  0.11879227486E+02  0.00000000000E+00  0.15418532666E+02  0.00000000000E+00
  0.43936368671E+02  0.10806165537E+02  0.35244913917E-02  0.00000000000E+00  0.21516131877E+02  0.00000000000E+00  0.59782661032E+01  0.00000000000E+00  0.11790177550E+02  0.00000000000E+00  0.15197206818E+02  0.00000000000E+00
  0.45173096539E+02  0.10401884051E+02  0.13274944891E-02  0.00000000000E+00  0.20951083966E+02  0.00000000000E+00  0.60271887569E+01  0.00000000000E+00  0.11695154515E+02  0.00000000000E+00  0.14977663225E+02  0.00000000000E+00
  0.46427895572E+02  0.10028759772E+02 -0.13881799949E-02  0.00000000000E+00  0.20404870862E+02  0.00000000000E+00  0.60716547749E+01  0.00000000000E+00  0.11594667919E+02  0.00000000000E+00  0.14760117029E+02  0.00000000000E+00
  0.47700857954E+02  0.96842548107E+01 -0.45139631199E-02  0.00000000000E+00  0.19878607380E+02  0.00000000000E+00  0.61117064466E+01  0.00000000000E+00  0.11489211996E+02  0.00000000000E+00  0.14544635144E+02  0.00000000000E+00
  0.48992069735E+02  0.93658209227E+01 -0.78868506434E-02  0.00000000000E+00  0.19372170670E+02  0.00000000000E+00  0.61473881950E+01  0.00000000000E+00  0.11379264325E+02  0.00000000000E+00  0.14331286440E+02  0.00000000000E+00
  0.50301610596E+02  0.90708979799E+01 -0.11349700215E-01  0.00000000000E+00  0.18883670452E+02  0.00000000000E+00  0.61787580282E+01  0.00000000000E+00  0.11265276160E+02  0.00000000000E+00  0.14120095273E+02  0.00000000000E+00
  0.51629553603E+02  0.87970548281E+01 -0.14782809435E-01  0.00000000000E+00  0.18410640119E+02  0.00000000000E+00  0.62058989585E+01  0.00000000000E+00  0.11147669137E+02  0.00000000000E+00  0.13910785129E+02  0.00000000000E+00
  0.52975964957E+02  0.85421688320E+01 -0.18086790269E-01  0.00000000000E+00  0.17951449315E+02  0.00000000000E+00  0.62289227284E+01  0.00000000000E+00  0.11026840420E+02  0.00000000000E+00  0.13703267337E+02  0.00000000000E+00
  0.54340903757E+02  0.83045105205E+01 -0.21145072293E-01  0.00000000000E+00  0.17505570586E+02  0.00000000000E+00  0.62479532046E+01  0.00000000000E+00  0.10903161535E+02  0.00000000000E+00  0.13497684961E+02  0.00000000000E+00
  0.55724421752E+02  0.80826841305E+01 -0.23811721333E-01  0.00000000000E+00  0.17073892055E+02  0.00000000000E+00  0.62630927725E+01  0.00000000000E+00  0.10776968414E+02  0.00000000000E+00  0.13293852588E+02  0.00000000000E+00
  0.57126563098E+02  0.78754294611E+01 -0.25948837868E-01  0.00000000000E+00  0.16657992920E+02  0.00000000000E+00  0.62744021585E+01  0.00000000000E+00  0.10648555281E+02  0.00000000000E+00  0.13091526456E+02  0.00000000000E+00
  0.58547364119E+02  0.76814161101E+01 -0.27473066129E-01  0.00000000000E+00  0.16257927061E+02  0.00000000000E+00  0.62819145561E+01  0.00000000000E+00  0.10518184313E+02  0.00000000000E+00  0.12890905698E+02  0.00000000000E+00
  0.59986853064E+02  0.74992298075E+01 -0.28363078667E-01  0.00000000000E+00  0.15871969767E+02  0.00000000000E+00  0.62856643944E+01  0.00000000000E+00  0.10386107605E+02  0.00000000000E+00  0.12692611312E+02  0.00000000000E+00
  0.61445049870E+02  0.73275591848E+01 -0.28631936425E-01  0.00000000000E+00  0.15498438959E+02  0.00000000000E+00  0.62857036097E+01  0.00000000000E+00  0.10252574727E+02  0.00000000000E+00  0.12496994500E+02  0.00000000000E+00
  0.62921965931E+02  0.71653317522E+01 -0.28309286018E-01  0.00000000000E+00  0.15136521568E+02  0.00000000000E+00  0.62821100526E+01  0.00000000000E+00  0.10117821018E+02  0.00000000000E+00  0.12303688492E+02  0.00000000000E+00
  0.64417603861E+02  0.70116558465E+01 -0.27476866747E-01  0.00000000000E+00  0.14785552232E+02  0.00000000000E+00  0.62749924145E+01  0.00000000000E+00  0.99820604172E+01  0.00000000000E+00  0.12112135828E+02  0.00000000000E+00
  0.65931957272E+02  0.68657059643E+01 -0.26289064309E-01  0.00000000000E+00  0.14445321903E+02  0.00000000000E+00  0.62644754106E+01  0.00000000000E+00  0.98454952249E+01  0.00000000000E+00  0.11921825895E+02  0.00000000000E+00
  0.67465010546E+02  0.67266437867E+01 -0.24944818023E-01  0.00000000000E+00  0.14116591478E+02  0.00000000000E+00  0.62506811729E+01  0.00000000000E+00  0.97083250040E+01  0.00000000000E+00  0.11732920144E+02  0.00000000000E+00
  0.69016738623E+02  0.65936162587E+01 -0.23653020663E-01  0.00000000000E+00  0.13799139821E+02  0.00000000000E+00  0.62337359455E+01  0.00000000000E+00  0.95707482832E+01  0.00000000000E+00  0.11546063585E+02  0.00000000000E+00
  0.70587106782E+02  0.64659007017E+01 -0.22544361574E-01  0.00000000000E+00  0.13491445441E+02  0.00000000000E+00  0.62137828102E+01  0.00000000000E+00  0.94329661803E+01  0.00000000000E+00  0.11361424825E+02  0.00000000000E+00
  0.72176070437E+02  0.63430368319E+01 -0.21605259252E-01  0.00000000000E+00  0.13192924760E+02  0.00000000000E+00  0.61909665318E+01  0.00000000000E+00  0.92951794831E+01  0.00000000000E+00  0.11178922901E+02  0.00000000000E+00
  0.73783574940E+02  0.62247100911E+01 -0.20761347871E-01  0.00000000000E+00  0.12904202682E+02  0.00000000000E+00  0.61654130485E+01  0.00000000000E+00  0.91575827613E+01  0.00000000000E+00  0.10998893094E+02  0.00000000000E+00
  0.75409555383E+02  0.61105319454E+01 -0.19982615948E-01  0.00000000000E+00  0.12625280890E+02  0.00000000000E+00  0.61372381112E+01  0.00000000000E+00  0.90203562622E+01  0.00000000000E+00  0.10821926402E+02  0.00000000000E+00
  0.77053936420E+02  0.60000045457E+01 -0.19270889613E-01  0.00000000000E+00  0.12355171678E+02  0.00000000000E+00  0.61065688026E+01  0.00000000000E+00  0.88836661871E+01  0.00000000000E+00  0.10648359962E+02  0.00000000000E+00
  0.78716632082E+02  0.58926189742E+01 -0.18592732220E-01  0.00000000000E+00  0.12092418059E+02  0.00000000000E+00  0.60735510757E+01  0.00000000000E+00  0.87476653490E+01  0.00000000000E+00  0.10477578904E+02  0.00000000000E+00
  0.80397545619E+02  0.57879748953E+01 -0.17845187468E-01  0.00000000000E+00  0.11835227674E+02  0.00000000000E+00  0.60383478788E+01  0.00000000000E+00  0.86124755664E+01  0.00000000000E+00  0.10308344132E+02  0.00000000000E+00
  0.82096569333E+02  0.56859482402E+01 -0.16895068228E-01  0.00000000000E+00  0.11583503562E+02  0.00000000000E+00  0.60011494330E+01  0.00000000000E+00  0.84781796425E+01  0.00000000000E+00  0.10140433675E+02  0.00000000000E+00
  0.83813584439E+02  0.55867508078E+01 -0.15657566613E-01  0.00000000000E+00  0.11339667385E+02  0.00000000000E+00  0.59621698927E+01  0.00000000000E+00  0.83448383543E+01  0.00000000000E+00  0.99744789628E+01  0.00000000000E+00
  0.85548460921E+02  0.54906693481E+01 -0.14146309845E-01  0.00000000000E+00  0.11106057927E+02  0.00000000000E+00  0.59216054261E+01  0.00000000000E+00  0.82125057487E+01  0.00000000000E+00  0.98104984650E+01  0.00000000000E+00
  0.87301057413E+02  0.53976148828E+01 -0.12494081023E-01  0.00000000000E+00  0.10883426451E+02  0.00000000000E+00  0.58796060809E+01  0.00000000000E+00  0.80812431242E+01  0.00000000000E+00  0.96481558573E+01  0.00000000000E+00
  0.89071221078E+02  0.53069140970E+01 -0.10912302686E-01  0.00000000000E+00  0.10670518632E+02  0.00000000000E+00  0.58362910688E+01  0.00000000000E+00  0.79511361928E+01  0.00000000000E+00  0.94872518097E+01  0.00000000000E+00
  0.90858787514E+02  0.52176014895E+01 -0.95852873535E-02  0.00000000000E+00  0.10464558702E+02  0.00000000000E+00  0.57917736610E+01  0.00000000000E+00  0.78222898014E+01  0.00000000000E+00  0.93273630461E+01  0.00000000000E+00
  0.92663580662E+02  0.51289165831E+01 -0.86330281878E-02  0.00000000000E+00  0.10262944670E+02  0.00000000000E+00  0.57461782206E+01  0.00000000000E+00  0.76948046493E+01  0.00000000000E+00  0.91680701972E+01  0.00000000000E+00
  0.94485412731E+02  0.50405258676E+01 -0.81700456715E-02  0.00000000000E+00  0.10064534798E+02  0.00000000000E+00  0.56996434098E+01  0.00000000000E+00  0.75687615985E+01  0.00000000000E+00  0.90096946018E+01  0.00000000000E+00
  0.96324084140E+02  0.49523807773E+01 -0.83049460512E-02  0.00000000000E+00  0.98701530189E+01  0.00000000000E+00  0.56523050327E+01  0.00000000000E+00  0.74442179805E+01  0.00000000000E+00  0.88527519906E+01  0.00000000000E+00
  0.98179383471E+02  0.48644190879E+01 -0.90385285403E-02  0.00000000000E+00  0.96811012522E+01  0.00000000000E+00  0.56042877009E+01  0.00000000000E+00  0.73212118492E+01  0.00000000000E+00  0.86975836571E+01  0.00000000000E+00
  0.10005108744E+03  0.47764073605E+01 -0.10194757239E-01  0.00000000000E+00  0.94972543275E+01  0.00000000000E+00  0.55557040456E+01  0.00000000000E+00  0.71997623684E+01  0.00000000000E+00  0.85450069868E+01  0.00000000000E+00
  0.10193896087E+03  0.46880649809E+01 -0.11473518638E-01  0.00000000000E+00  0.93181180767E+01  0.00000000000E+00  0.55066530981E+01  0.00000000000E+00  0.70798646003E+01  0.00000000000E+00  0.83955781323E+01  0.00000000000E+00
  0.10384275671E+03  0.45991893638E+01 -0.12561740707E-01  0.00000000000E+00  0.91442243245E+01  0.00000000000E+00  0.54572355748E+01  0.00000000000E+00  0.69614890124E+01  0.00000000000E+00  0.82492714129E+01  0.00000000000E+00
  0.10576221604E+03  0.45095671910E+01 -0.13308100288E-01  0.00000000000E+00  0.89762682931E+01  0.00000000000E+00  0.54075682646E+01  0.00000000000E+00  0.68445972389E+01  0.00000000000E+00  0.81057276890E+01  0.00000000000E+00
  0.10769706811E+03  0.44188869012E+01 -0.13839858530E-01  0.00000000000E+00  0.88138954401E+01  0.00000000000E+00  0.53577874069E+01  0.00000000000E+00  0.67291691374E+01  0.00000000000E+00  0.79640205466E+01  0.00000000000E+00
  0.10964703038E+03  0.43268332228E+01 -0.14359861460E-01  0.00000000000E+00  0.86559601054E+01  0.00000000000E+00  0.53080514619E+01  0.00000000000E+00  0.66152231463E+01  0.00000000000E+00  0.78234407919E+01  0.00000000000E+00
  0.11161180859E+03  0.42331936382E+01 -0.14842394357E-01  0.00000000000E+00  0.85014581066E+01  0.00000000000E+00  0.52585252702E+01  0.00000000000E+00  0.65028170935E+01  0.00000000000E+00  0.76845313597E+01  0.00000000000E+00
  0.11359109687E+03  0.41378645010E+01 -0.15064503303E-01  0.00000000000E+00  0.83501712323E+01  0.00000000000E+00  0.52093581128E+01  0.00000000000E+00  0.63920379436E+01  0.00000000000E+00  0.75480157898E+01  0.00000000000E+00
  0.11558457781E+03  0.40408649404E+01 -0.14907158498E-01  0.00000000000E+00  0.82029467275E+01  0.00000000000E+00  0.51606910956E+01  0.00000000000E+00  0.62829931965E+01  0.00000000000E+00  0.74140652324E+01  0.00000000000E+00
  0.11759192259E+03  0.39422929797E+01 -0.14499711637E-01  0.00000000000E+00  0.80606834784E+01  0.00000000000E+00  0.51126575976E+01  0.00000000000E+00  0.61757894825E+01  0.00000000000E+00  0.72824355598E+01  0.00000000000E+00
  0.11961279113E+03  0.38421694465E+01 -0.14050356148E-01  0.00000000000E+00  0.79236626613E+01  0.00000000000E+00  0.50653582570E+01  0.00000000000E+00  0.60705088887E+01  0.00000000000E+00  0.71525505367E+01  0.00000000000E+00
  0.12164683222E+03  0.37403575200E+01 -0.13667924868E-01  0.00000000000E+00  0.77917070819E+01  0.00000000000E+00  0.50188810348E+01  0.00000000000E+00  0.59672077046E+01  0.00000000000E+00  0.70242279751E+01  0.00000000000E+00
  0.12369368374E+03  0.36366374955E+01 -0.13349860450E-01  0.00000000000E+00  0.76649946681E+01  0.00000000000E+00  0.49733302400E+01  0.00000000000E+00  0.58659282270E+01  0.00000000000E+00  0.68975603351E+01  0.00000000000E+00
  0.12575297282E+03  0.35308200973E+01 -0.13036236656E-01  0.00000000000E+00  0.75439729727E+01  0.00000000000E+00  0.49288196391E+01  0.00000000000E+00  0.57667194380E+01  0.00000000000E+00  0.67728971324E+01  0.00000000000E+00
  0.12782431604E+03  0.34227442354E+01 -0.12689957384E-01  0.00000000000E+00  0.74284861202E+01  0.00000000000E+00  0.48854661170E+01  0.00000000000E+00  0.56696617952E+01  0.00000000000E+00  0.66508352521E+01  0.00000000000E+00
  0.12990731971E+03  0.33122107216E+01 -0.12330065003E-01  0.00000000000E+00  0.73176226297E+01  0.00000000000E+00  0.48433804229E+01  0.00000000000E+00  0.55748734876E+01  0.00000000000E+00  0.65317203784E+01  0.00000000000E+00
  0.13200158005E+03  0.31990196712E+01 -0.11990772909E-01  0.00000000000E+00  0.72107193369E+01  0.00000000000E+00  0.48026411005E+01  0.00000000000E+00  0.54824893531E+01  0.00000000000E+00  0.64155520435E+01  0.00000000000E+00
  0.13410668352E+03  0.30830219702E+01 -0.11719377624E-01  0.00000000000E+00  0.71081469631E+01  0.00000000000E+00  0.47632777129E+01  0.00000000000E+00  0.53926341953E+01  0.00000000000E+00  0.63021041116E+01  0.00000000000E+00
  0.13622220705E+03  0.29640950952E+01 -0.11605099654E-01  0.00000000000E+00  0.70104388135E+01  0.00000000000E+00  0.47252826488E+01  0.00000000000E+00  0.53054177448E+01  0.00000000000E+00  0.61913096624E+01  0.00000000000E+00
  0.13834771839E+03  0.28421674991E+01 -0.11707468330E-01  0.00000000000E+00  0.69171287250E+01  0.00000000000E+00  0.46886499894E+01  0.00000000000E+00  0.52209528635E+01  0.00000000000E+00  0.60835356111E+01  0.00000000000E+00
  0.14048277636E+03  0.27172439562E+01 -0.11946029326E-01  0.00000000000E+00  0.68281224460E+01  0.00000000000E+00  0.46534279980E+01  0.00000000000E+00  0.51393677738E+01  0.00000000000E+00  0.59795031492E+01  0.00000000000E+00
  0.14262693125E+03  0.25893509612E+01 -0.12130600494E-01  0.00000000000E+00  0.67442117849E+01  0.00000000000E+00  0.46197321030E+01  0.00000000000E+00  0.50608017582E+01  0.00000000000E+00  0.58800904889E+01  0.00000000000E+00
  0.14477972513E+03  0.24585250601E+01 -0.12070808406E-01  0.00000000000E+00  0.66663440382E+01  0.00000000000E+00  0.45876962556E+01  0.00000000000E+00  0.49853939117E+01  0.00000000000E+00  0.57854559716E+01  0.00000000000E+00
  0.14694069222E+03  0.23248238973E+01 -0.11627190326E-01  0.00000000000E+00  0.65950942690E+01  0.00000000000E+00  0.45574203420E+01  0.00000000000E+00  0.49132801304E+01  0.00000000000E+00  0.56944295262E+01  0.00000000000E+00
  0.14910935928E+03  0.21882527282E+01 -0.10739288785E-01  0.00000000000E+00  0.65297077538E+01  0.00000000000E+00  0.45289609748E+01  0.00000000000E+00  0.48446081233E+01  0.00000000000E+00  0.56058262901E+01  0.00000000000E+00
  0.15128524600E+03  0.20487030288E+01 -0.94383887793E-02  0.00000000000E+00  0.64688396187E+01  0.00000000000E+00  0.45023514769E+01  0.00000000000E+00  0.47795548495E+01  0.00000000000E+00  0.55199657084E+01  0.00000000000E+00
  0.15346786537E+03  0.19060350127E+01 -0.78204085268E-02  0.00000000000E+00  0.64119785648E+01  0.00000000000E+00  0.44776264204E+01  0.00000000000E+00  0.47183238657E+01  0.00000000000E+00  0.54384100484E+01  0.00000000000E+00
  0.15565672417E+03  0.17602424491E+01 -0.60259510641E-02  0.00000000000E+00  0.63595988602E+01  0.00000000000E+00  0.44548356757E+01  0.00000000000E+00  0.46611257690E+01  0.00000000000E+00  0.53626027405E+01  0.00000000000E+00
  0.15785132334E+03  0.16114930409E+01 -0.42395287501E-02  0.00000000000E+00  0.63128474549E+01  0.00000000000E+00  0.44340453372E+01  0.00000000000E+00  0.46081636311E+01  0.00000000000E+00  0.52931396315E+01  0.00000000000E+00
  0.16005115845E+03  0.14599888677E+01 -0.26789422471E-02  0.00000000000E+00  0.62721619194E+01  0.00000000000E+00  0.44153166348E+01  0.00000000000E+00  0.45596274817E+01  0.00000000000E+00  0.52296912957E+01  0.00000000000E+00
  0.16225572016E+03  0.13058529874E+01 -0.15409724941E-02  0.00000000000E+00  0.62364324987E+01  0.00000000000E+00  0.43986747444E+01  0.00000000000E+00  0.45156893161E+01  0.00000000000E+00  0.51717025931E+01  0.00000000000E+00
  0.16446449465E+03  0.11491718643E+01 -0.90972540652E-03  0.00000000000E+00  0.62044027347E+01  0.00000000000E+00  0.43840988916E+01  0.00000000000E+00  0.44765044288E+01  0.00000000000E+00  0.51192774748E+01  0.00000000000E+00
  0.16667696413E+03  0.99009408504E+00 -0.72550093745E-03  0.00000000000E+00  0.61757100286E+01  0.00000000000E+00  0.43715470266E+01  0.00000000000E+00  0.44422203528E+01  0.00000000000E+00  0.50729638288E+01  0.00000000000E+00
  0.16889260732E+03  0.82884045522E+00 -0.83737175552E-03  0.00000000000E+00  0.61509387186E+01  0.00000000000E+00  0.43609893179E+01  0.00000000000E+00  0.44129814105E+01  0.00000000000E+00  0.50331836624E+01  0.00000000000E+00
  0.17111089989E+03  0.66563677405E+00 -0.10504684247E-02  0.00000000000E+00  0.61310507086E+01  0.00000000000E+00  0.43524102446E+01  0.00000000000E+00  0.43889137350E+01  0.00000000000E+00  0.50001500953E+01  0.00000000000E+00
  0.17333131502E+03  0.50073030830E+00 -0.11572018708E-02  0.00000000000E+00  0.61163926890E+01  0.00000000000E+00  0.43457869374E+01  0.00000000000E+00  0.43701050251E+01  0.00000000000E+00  0.49741286029E+01  0.00000000000E+00
  0.17555332384E+03  0.33449618170E+00 -0.10044928021E-02  0.00000000000E+00  0.61066281609E+01  0.00000000000E+00  0.43410843436E+01  0.00000000000E+00  0.43566115650E+01  0.00000000000E+00  0.49556348077E+01  0.00000000000E+00
  0.17777639597E+03  0.16743051458E+00 -0.57977320328E-03  0.00000000000E+00  0.61011744123E+01  0.00000000000E+00  0.43382729354E+01  0.00000000000E+00  0.43484836789E+01  0.00000000000E+00  0.49448875992E+01  0.00000000000E+00
  0.18000000000E+03  0.00000000000E+00  0.00000000000E+00  0.00000000000E+00  0.60994476913E+01  0.00000000000E+00  0.43373373109E+01  0.00000000000E+00  0.43457677968E+01  0.00000000000E+00  0.49414293781E+01  0.00000000000E+00
