 % Finite-difference simulation Chan180_FD2
 % 
 % Paper: "Comparison of DNS databases of turbulent channel flow
 %         at Re_tau=180" by A.W. Vreman and J.G.M. Kuerten
 % 
 % Parameters:     H=1; nu=1/180; forcing=1
 % Domain:         4pi x 2 x 4pi/3
 % Resolution:     512 x 256 x 256
 % Averaging time: 200
 % Computed u_tau: 0.99996
 % 
 % Creation date of this datafile: 27th October 2013
 % 
 % Description of columns:
 % Column  1:  y+ (=180*yc; yc is the (cell-central) y-location of u, w and p)
 % Column  4:  rms(du/dx)
 % Column  6:  rms(du/dz)
 % Column  8:  rms(dv/dy)
 % Column 10:  rms(dw/dx)
 % Column 12:  rms(dw/dz)
 % Column 13:  < (du/dx)^3 >
 % Column 14:  < (dv/dy)^3 >
 % Column 15:  < (dw/dz)^3 >
  0.24149517884E+00  0.00000000000E+00  0.00000000000E+00  0.22111597286E+00  0.00000000000E+00  0.11247824971E+01  0.00000000000E+00  0.72404658820E+00  0.00000000000E+00  0.20833544532E+00  0.00000000000E+00  0.74792621655E+00 -0.17535871719E-02  0.14693014926E+00 -0.61762091819E-02
  0.73154524918E+00  0.00000000000E+00  0.00000000000E+00  0.63526303283E+00  0.00000000000E+00  0.34110560634E+01  0.00000000000E+00  0.19861125397E+01  0.00000000000E+00  0.58228560062E+00  0.00000000000E+00  0.20867937336E+01 -0.38384276714E-01  0.26241136944E+01 -0.17480387010E+00
  0.12311392429E+01  0.00000000000E+00  0.00000000000E+00  0.10253318742E+01  0.00000000000E+00  0.57491610479E+01  0.00000000000E+00  0.30274708124E+01  0.00000000000E+00  0.90772349625E+00  0.00000000000E+00  0.32362586932E+01 -0.18029863437E+00  0.80085717850E+01 -0.12685278734E+01
  0.17404356529E+01  0.00000000000E+00  0.00000000000E+00  0.14035891471E+01  0.00000000000E+00  0.81302198355E+01  0.00000000000E+00  0.38795699473E+01  0.00000000000E+00  0.11928861349E+01  0.00000000000E+00  0.42185838363E+01 -0.55213380816E+00  0.14214863406E+02 -0.46050150546E+01
  0.22595944551E+01  0.00000000000E+00  0.00000000000E+00  0.17775768839E+01  0.00000000000E+00  0.10534048844E+02  0.00000000000E+00  0.45714754407E+01  0.00000000000E+00  0.14443359144E+01  0.00000000000E+00  0.50543278057E+01 -0.13300784367E+01  0.18800042127E+02 -0.11080816092E+02
  0.27887770703E+01  0.00000000000E+00  0.00000000000E+00  0.21506288718E+01  0.00000000000E+00  0.12931777337E+02  0.00000000000E+00  0.51301962858E+01  0.00000000000E+00  0.16677925000E+01  0.00000000000E+00  0.57628675569E+01 -0.27336500572E+01  0.19804839571E+02 -0.20635155844E+02
  0.33281463235E+01  0.00000000000E+00  0.00000000000E+00  0.25229768285E+01  0.00000000000E+00  0.15289764482E+02  0.00000000000E+00  0.55807589071E+01  0.00000000000E+00  0.18685394750E+01  0.00000000000E+00  0.63624824628E+01 -0.50463606510E+01  0.15873121106E+02 -0.32407813259E+02
  0.38778664004E+01  0.00000000000E+00  0.00000000000E+00  0.28930045648E+01  0.00000000000E+00  0.17573737598E+02  0.00000000000E+00  0.59460915545E+01  0.00000000000E+00  0.20515154630E+01  0.00000000000E+00  0.68701772238E+01 -0.86456004232E+01  0.61415240274E+01 -0.45200766543E+02
  0.44381028007E+01  0.00000000000E+00  0.00000000000E+00  0.32582659626E+01  0.00000000000E+00  0.19752223008E+02  0.00000000000E+00  0.62467647652E+01  0.00000000000E+00  0.22212246471E+01  0.00000000000E+00  0.73014084649E+01 -0.14009170803E+02 -0.98368992726E+01 -0.57903674012E+02
  0.50090222881E+01  0.00000000000E+00  0.00000000000E+00  0.36161341997E+01  0.00000000000E+00  0.21798828682E+02  0.00000000000E+00  0.65006582878E+01  0.00000000000E+00  0.23815870409E+01  0.00000000000E+00  0.76698363496E+01 -0.21681551794E+02 -0.32071463115E+02 -0.69745392164E+02
  0.55907928373E+01  0.00000000000E+00  0.00000000000E+00  0.39641397908E+01  0.00000000000E+00  0.23693380100E+02  0.00000000000E+00  0.67226540577E+01  0.00000000000E+00  0.25358125240E+01  0.00000000000E+00  0.79871714142E+01 -0.32205565331E+02 -0.60074494773E+02 -0.80371949040E+02
  0.61835835779E+01  0.00000000000E+00  0.00000000000E+00  0.43001171206E+01  0.00000000000E+00  0.25422146556E+02  0.00000000000E+00  0.69244580490E+01  0.00000000000E+00  0.26863427535E+01  0.00000000000E+00  0.82631430971E+01 -0.46041310787E+02 -0.92847225177E+02 -0.89803688110E+02
  0.67875647341E+01  0.00000000000E+00  0.00000000000E+00  0.46222590887E+01  0.00000000000E+00  0.26977451225E+02  0.00000000000E+00  0.71146232091E+01  0.00000000000E+00  0.28348709916E+01  0.00000000000E+00  0.85055850050E+01 -0.63496374715E+02 -0.12895634394E+03 -0.98328526558E+02
  0.74029075619E+01  0.00000000000E+00  0.00000000000E+00  0.49291355062E+01  0.00000000000E+00  0.28356921454E+02  0.00000000000E+00  0.72987913410E+01  0.00000000000E+00  0.29824262546E+01  0.00000000000E+00  0.87206125849E+01 -0.84683408719E+02 -0.16669770844E+03 -0.10637188447E+03
  0.80297842815E+01  0.00000000000E+00  0.00000000000E+00  0.52196964234E+01  0.00000000000E+00  0.29562572595E+02  0.00000000000E+00  0.74801136449E+01  0.00000000000E+00  0.31294962862E+01  0.00000000000E+00  0.89128585675E+01 -0.10951135603E+03 -0.20429568120E+03 -0.11437828888E+03
  0.86683680075E+01  0.00000000000E+00  0.00000000000E+00  0.54932654416E+01  0.00000000000E+00  0.30599858569E+02  0.00000000000E+00  0.76597740659E+01  0.00000000000E+00  0.32761635605E+01  0.00000000000E+00  0.90857312971E+01 -0.13770566161E+03 -0.24007064053E+03 -0.12273392232E+03
  0.93188326739E+01  0.00000000000E+00  0.00000000000E+00  0.57495221402E+01  0.00000000000E+00  0.31476771820E+02  0.00000000000E+00  0.78375374406E+01  0.00000000000E+00  0.34222361714E+01  0.00000000000E+00  0.92416708930E+01 -0.16884840044E+03 -0.27254987913E+03 -0.13172728881E+03
  0.99813529560E+01  0.00000000000E+00  0.00000000000E+00  0.59884722107E+01  0.00000000000E+00  0.32203037647E+02  0.00000000000E+00  0.80122619837E+01  0.00000000000E+00  0.35673640738E+01  0.00000000000E+00  0.93823885019E+01 -0.20242602550E+03 -0.30054319780E+03 -0.14152620766E+03
  0.10656104188E+02  0.00000000000E+00  0.00000000000E+00  0.62104054945E+01  0.00000000000E+00  0.32789423437E+02  0.00000000000E+00  0.81823346022E+01  0.00000000000E+00  0.37111361255E+01  0.00000000000E+00  0.95090778283E+01 -0.23787779156E+03 -0.32318870584E+03 -0.15216735465E+03
  0.11343262278E+02  0.00000000000E+00  0.00000000000E+00  0.64158443680E+01  0.00000000000E+00  0.33247169261E+02  0.00000000000E+00  0.83460066471E+01  0.00000000000E+00  0.38531541225E+01  0.00000000000E+00  0.96225907016E+01 -0.27463690289E+03 -0.33996466774E+03 -0.16356545554E+03
  0.12043003613E+02  0.00000000000E+00  0.00000000000E+00  0.66054868360E+01  0.00000000000E+00  0.33587537986E+02  0.00000000000E+00  0.85016283875E+01  0.00000000000E+00  0.39930798066E+01  0.00000000000E+00  0.97235740610E+01 -0.31216159116E+03 -0.35067337018E+03 -0.17553839242E+03
  0.12755504973E+02  0.00000000000E+00  0.00000000000E+00  0.67801482717E+01  0.00000000000E+00  0.33821476701E+02  0.00000000000E+00  0.86477940898E+01  0.00000000000E+00  0.41306547364E+01  0.00000000000E+00  0.98125706728E+01 -0.34995724118E+03 -0.35540719621E+03 -0.18784022251E+03
  0.13480943422E+02  0.00000000000E+00  0.00000000000E+00  0.69407049871E+01  0.00000000000E+00  0.33959377120E+02  0.00000000000E+00  0.87834121968E+01  0.00000000000E+00  0.42657007163E+01  0.00000000000E+00  0.98900868005E+01 -0.38759187445E+03 -0.35449749282E+03 -0.20019784206E+03
  0.14219496212E+02  0.00000000000E+00  0.00000000000E+00  0.70880442309E+01  0.00000000000E+00  0.34010921408E+02  0.00000000000E+00  0.89077160777E+01  0.00000000000E+00  0.43981121695E+01  0.00000000000E+00  0.99566301762E+01 -0.42470409595E+03 -0.34844659699E+03 -0.21234401003E+03
  0.14971340671E+02  0.00000000000E+00  0.00000000000E+00  0.72230257287E+01  0.00000000000E+00  0.33985000287E+02  0.00000000000E+00  0.90202355991E+01  0.00000000000E+00  0.45278465879E+01  0.00000000000E+00  0.10012724070E+02 -0.46100389993E+03 -0.33785886905E+03 -0.22403543349E+03
  0.15736654095E+02  0.00000000000E+00  0.00000000000E+00  0.73464565430E+01  0.00000000000E+00  0.33889689564E+02  0.00000000000E+00  0.91207497673E+01  0.00000000000E+00  0.46549128786E+01  0.00000000000E+00  0.10058905111E+02 -0.49626070778E+03 -0.32339448942E+03 -0.23505581193E+03
  0.16515613625E+02  0.00000000000E+00  0.00000000000E+00  0.74590776578E+01  0.00000000000E+00  0.33732269125E+02  0.00000000000E+00  0.92092353849E+01  0.00000000000E+00  0.47793590878E+01  0.00000000000E+00  0.10095712976E+02 -0.53027868455E+03 -0.30574517833E+03 -0.24521503721E+03
  0.17308396133E+02  0.00000000000E+00  0.00000000000E+00  0.75615573134E+01  0.00000000000E+00  0.33519268848E+02  0.00000000000E+00  0.92858220335E+01  0.00000000000E+00  0.49012625615E+01  0.00000000000E+00  0.10123681704E+02 -0.56288320715E+03 -0.28561617298E+03 -0.25434402932E+03
  0.18115178090E+02  0.00000000000E+00  0.00000000000E+00  0.76544859322E+01  0.00000000000E+00  0.33256531799E+02  0.00000000000E+00  0.93507574727E+01  0.00000000000E+00  0.50207200879E+01  0.00000000000E+00  0.10143338231E+02 -0.59391756964E+03 -0.26371332823E+03 -0.26228689531E+03
  0.18936135436E+02  0.00000000000E+00  0.00000000000E+00  0.77383736439E+01  0.00000000000E+00  0.32949289054E+02  0.00000000000E+00  0.94043820298E+01  0.00000000000E+00  0.51378353821E+01  0.00000000000E+00  0.10155204121E+02 -0.62323922971E+03 -0.24071589894E+03 -0.26890597881E+03
  0.19771443450E+02  0.00000000000E+00  0.00000000000E+00  0.78136556257E+01  0.00000000000E+00  0.32602238513E+02  0.00000000000E+00  0.94471121557E+01  0.00000000000E+00  0.52527070178E+01  0.00000000000E+00  0.10159795637E+02 -0.65072281000E+03 -0.21724072342E+03 -0.27409856133E+03
  0.20621276601E+02  0.00000000000E+00  0.00000000000E+00  0.78807055316E+01  0.00000000000E+00  0.32219622054E+02  0.00000000000E+00  0.94794305969E+01  0.00000000000E+00  0.53654204659E+01  0.00000000000E+00  0.10157621748E+02 -0.67626549350E+03 -0.19382755956E+03 -0.27781220294E+03
  0.21485808409E+02  0.00000000000E+00  0.00000000000E+00  0.79398495476E+01  0.00000000000E+00  0.31805300066E+02  0.00000000000E+00  0.95018731462E+01  0.00000000000E+00  0.54760447716E+01  0.00000000000E+00  0.10149180385E+02 -0.69977732847E+03 -0.17094721984E+03 -0.28004774813E+03
  0.22365211294E+02  0.00000000000E+00  0.00000000000E+00  0.79913729737E+01  0.00000000000E+00  0.31362819818E+02  0.00000000000E+00  0.95150047898E+01  0.00000000000E+00  0.55846318580E+01  0.00000000000E+00  0.10134951399E+02 -0.72116312349E+03 -0.14900899891E+03 -0.28084543782E+03
  0.23259656419E+02  0.00000000000E+00  0.00000000000E+00  0.80355183819E+01  0.00000000000E+00  0.30895468247E+02  0.00000000000E+00  0.95193904700E+01  0.00000000000E+00  0.56912161409E+01  0.00000000000E+00  0.10115385328E+02 -0.74030444981E+03 -0.12835393424E+03 -0.28027449463E+03
  0.24169313532E+02  0.00000000000E+00  0.00000000000E+00  0.80724830368E+01  0.00000000000E+00  0.30406306537E+02  0.00000000000E+00  0.95155769236E+01  0.00000000000E+00  0.57958089255E+01  0.00000000000E+00  0.10090893781E+02 -0.75705766785E+03 -0.10924564350E+03 -0.27843266150E+03
  0.25094350802E+02  0.00000000000E+00  0.00000000000E+00  0.81024237039E+01  0.00000000000E+00  0.29898198962E+02  0.00000000000E+00  0.95040923953E+01  0.00000000000E+00  0.58983838581E+01  0.00000000000E+00  0.10061847442E+02 -0.77128304364E+03 -0.91862918167E+02 -0.27544453652E+03
  0.26034934648E+02  0.00000000000E+00  0.00000000000E+00  0.81254722354E+01  0.00000000000E+00  0.29373843711E+02  0.00000000000E+00  0.94854530850E+01  0.00000000000E+00  0.59988637441E+01  0.00000000000E+00  0.10028578627E+02 -0.78287315997E+03 -0.76313761613E+02 -0.27145743538E+03
  0.26991229566E+02  0.00000000000E+00  0.00000000000E+00  0.81417526361E+01  0.00000000000E+00  0.28835795902E+02  0.00000000000E+00  0.94601594611E+01  0.00000000000E+00  0.60971230530E+01  0.00000000000E+00  0.99913831803E+01 -0.79175716382E+03 -0.62658449254E+02 -0.26663153826E+03
  0.27963397948E+02  0.00000000000E+00  0.00000000000E+00  0.81513854997E+01  0.00000000000E+00  0.28286477578E+02  0.00000000000E+00  0.94286776476E+01  0.00000000000E+00  0.61930047287E+01  0.00000000000E+00  0.99505208504E+01 -0.79788230954E+03 -0.50919650359E+02 -0.26112154992E+03
  0.28951599905E+02  0.00000000000E+00  0.00000000000E+00  0.81544870721E+01  0.00000000000E+00  0.27728183647E+02  0.00000000000E+00  0.93914221983E+01  0.00000000000E+00  0.62863350734E+01  0.00000000000E+00  0.99062094542E+01 -0.80121082318E+03 -0.41058706089E+02 -0.25507349798E+03
  0.29955993068E+02  0.00000000000E+00  0.00000000000E+00  0.81511770943E+01  0.00000000000E+00  0.27163084774E+02  0.00000000000E+00  0.93487587694E+01  0.00000000000E+00  0.63769279960E+01  0.00000000000E+00  0.98586156945E+01 -0.80171375822E+03 -0.32982380789E+02 -0.24862933438E+03
  0.30976732406E+02  0.00000000000E+00  0.00000000000E+00  0.81415887767E+01  0.00000000000E+00  0.26593217599E+02  0.00000000000E+00  0.93010198812E+01  0.00000000000E+00  0.64645839353E+01  0.00000000000E+00  0.98078563603E+01 -0.79936573024E+03 -0.26585948706E+02 -0.24190953536E+03
  0.32013970023E+02  0.00000000000E+00  0.00000000000E+00  0.81258735974E+01  0.00000000000E+00  0.26020468215E+02  0.00000000000E+00  0.92485152931E+01  0.00000000000E+00  0.65490909598E+01  0.00000000000E+00  0.97540136298E+01 -0.79418237575E+03 -0.21757258749E+02 -0.23500726861E+03
  0.33067854957E+02  0.00000000000E+00  0.00000000000E+00  0.81042079487E+01  0.00000000000E+00  0.25446574843E+02  0.00000000000E+00  0.91915389736E+01  0.00000000000E+00  0.66302380384E+01  0.00000000000E+00  0.96971627170E+01 -0.78625208705E+03 -0.18362693247E+02 -0.22799683399E+03
  0.34138532975E+02  0.00000000000E+00  0.00000000000E+00  0.80768137055E+01  0.00000000000E+00  0.24873155660E+02  0.00000000000E+00  0.91303958953E+01  0.00000000000E+00  0.67078392033E+01  0.00000000000E+00  0.96374002322E+01 -0.77572221126E+03 -0.16261853760E+02 -0.22095108045E+03
  0.35226146364E+02  0.00000000000E+00  0.00000000000E+00  0.80439738183E+01  0.00000000000E+00  0.24301742373E+02  0.00000000000E+00  0.90654401733E+01  0.00000000000E+00  0.67817400218E+01  0.00000000000E+00  0.95748515338E+01 -0.76277480930E+03 -0.15359320886E+02 -0.21394709523E+03
  0.36330833714E+02  0.00000000000E+00  0.00000000000E+00  0.80060004147E+01  0.00000000000E+00  0.23733806634E+02  0.00000000000E+00  0.89970534167E+01  0.00000000000E+00  0.68517964620E+01  0.00000000000E+00  0.95096451589E+01 -0.74763076858E+03 -0.15559880508E+02 -0.20706287545E+03
  0.37452729705E+02  0.00000000000E+00  0.00000000000E+00  0.79631827916E+01  0.00000000000E+00  0.23170760294E+02  0.00000000000E+00  0.89255700995E+01  0.00000000000E+00  0.69178576342E+01  0.00000000000E+00  0.94418778135E+01 -0.73052890735E+03 -0.16714689430E+02 -0.20038108557E+03
  0.38591964883E+02  0.00000000000E+00  0.00000000000E+00  0.79157860713E+01  0.00000000000E+00  0.22613919697E+02  0.00000000000E+00  0.88512484144E+01  0.00000000000E+00  0.69797648595E+01  0.00000000000E+00  0.93716025722E+01 -0.71171247644E+03 -0.18678611055E+02 -0.19396611941E+03
  0.39748665433E+02  0.00000000000E+00  0.00000000000E+00  0.78640975571E+01  0.00000000000E+00  0.22064465515E+02  0.00000000000E+00  0.87742955245E+01  0.00000000000E+00  0.70373597939E+01  0.00000000000E+00  0.92988362251E+01 -0.69143848060E+03 -0.21333750293E+02 -0.18784187430E+03
  0.40922952956E+02  0.00000000000E+00  0.00000000000E+00  0.78084547493E+01  0.00000000000E+00  0.21523444310E+02  0.00000000000E+00  0.86949028590E+01  0.00000000000E+00  0.70905027061E+01  0.00000000000E+00  0.92235871715E+01 -0.66995422991E+03 -0.24575708430E+02 -0.18200258074E+03
  0.42114944235E+02  0.00000000000E+00  0.00000000000E+00  0.77492035057E+01  0.00000000000E+00  0.20991798002E+02  0.00000000000E+00  0.86132594521E+01  0.00000000000E+00  0.71390869244E+01  0.00000000000E+00  0.91459024028E+01 -0.64746283093E+03 -0.28323078930E+02 -0.17641941003E+03
  0.43324751002E+02  0.00000000000E+00  0.00000000000E+00  0.76866376165E+01  0.00000000000E+00  0.20470359568E+02  0.00000000000E+00  0.85295384645E+01  0.00000000000E+00  0.71830389390E+01  0.00000000000E+00  0.90658880890E+01 -0.62414441844E+03 -0.32503338176E+02 -0.17104925255E+03
  0.44552479703E+02  0.00000000000E+00  0.00000000000E+00  0.76210003098E+01  0.00000000000E+00  0.19959816937E+02  0.00000000000E+00  0.84438919369E+01  0.00000000000E+00  0.72223072410E+01  0.00000000000E+00  0.89836888184E+01 -0.60019351496E+03 -0.37040505587E+02 -0.16585280946E+03
  0.45798231258E+02  0.00000000000E+00  0.00000000000E+00  0.75525211301E+01  0.00000000000E+00  0.19460696599E+02  0.00000000000E+00  0.83564568483E+01  0.00000000000E+00  0.72568589937E+01  0.00000000000E+00  0.88994446725E+01 -0.57580879630E+03 -0.41849497416E+02 -0.16081344900E+03
  0.47062100820E+02  0.00000000000E+00  0.00000000000E+00  0.74814243646E+01  0.00000000000E+00  0.18973373074E+02  0.00000000000E+00  0.82673567196E+01  0.00000000000E+00  0.72866823897E+01  0.00000000000E+00  0.88132507974E+01 -0.55117488380E+03 -0.46814868101E+02 -0.15595351363E+03
  0.48344177537E+02  0.00000000000E+00  0.00000000000E+00  0.74079216291E+01  0.00000000000E+00  0.18498096674E+02  0.00000000000E+00  0.81767122692E+01  0.00000000000E+00  0.73117669873E+01  0.00000000000E+00  0.87251502580E+01 -0.52645920637E+03 -0.51806363497E+02 -0.15130885944E+03
  0.49644544306E+02  0.00000000000E+00  0.00000000000E+00  0.73322421061E+01  0.00000000000E+00  0.18035067972E+02  0.00000000000E+00  0.80846637127E+01  0.00000000000E+00  0.73320891697E+01  0.00000000000E+00  0.86351584576E+01 -0.50182867396E+03 -0.56696975432E+02 -0.14689190581E+03
  0.50963277530E+02  0.00000000000E+00  0.00000000000E+00  0.72546754355E+01  0.00000000000E+00  0.17584514107E+02  0.00000000000E+00  0.79913809501E+01  0.00000000000E+00  0.73476309503E+01  0.00000000000E+00  0.85433085485E+01 -0.47747103024E+03 -0.61358098011E+02 -0.14268607081E+03
  0.52300446873E+02  0.00000000000E+00  0.00000000000E+00  0.71755661942E+01  0.00000000000E+00  0.17146672519E+02  0.00000000000E+00  0.78970417472E+01  0.00000000000E+00  0.73583885102E+01  0.00000000000E+00  0.84496797191E+01 -0.45354769487E+03 -0.65705717057E+02 -0.13865364847E+03
  0.53656115017E+02  0.00000000000E+00  0.00000000000E+00  0.70952617825E+01  0.00000000000E+00  0.16721710599E+02  0.00000000000E+00  0.78018101537E+01  0.00000000000E+00  0.73643615611E+01  0.00000000000E+00  0.83543904372E+01 -0.43016099230E+03 -0.69703695930E+02 -0.13475643766E+03
  0.55030337414E+02  0.00000000000E+00  0.00000000000E+00  0.70140482558E+01  0.00000000000E+00  0.16309666774E+02  0.00000000000E+00  0.77058657212E+01  0.00000000000E+00  0.73655925663E+01  0.00000000000E+00  0.82576239638E+01 -0.40738602777E+03 -0.73362808264E+02 -0.13093542754E+03
  0.56423162050E+02  0.00000000000E+00  0.00000000000E+00  0.69321382656E+01  0.00000000000E+00  0.15910419847E+02  0.00000000000E+00  0.76094504335E+01  0.00000000000E+00  0.73622202980E+01  0.00000000000E+00  0.81596349710E+01 -0.38527507375E+03 -0.76749860664E+02 -0.12713897984E+03
  0.57834629192E+02  0.00000000000E+00  0.00000000000E+00  0.68497084867E+01  0.00000000000E+00  0.15523712263E+02  0.00000000000E+00  0.75128428740E+01  0.00000000000E+00  0.73544397188E+01  0.00000000000E+00  0.80606636262E+01 -0.36389438442E+03 -0.79917970265E+02 -0.12336967593E+03
  0.59264771157E+02  0.00000000000E+00  0.00000000000E+00  0.67669261817E+01  0.00000000000E+00  0.15149231498E+02  0.00000000000E+00  0.74162580153E+01  0.00000000000E+00  0.73424083971E+01  0.00000000000E+00  0.79608485522E+01 -0.34333528590E+03 -0.82840579768E+02 -0.11967966502E+03
  0.60713612069E+02  0.00000000000E+00  0.00000000000E+00  0.66839441466E+01  0.00000000000E+00  0.14786673459E+02  0.00000000000E+00  0.73197765576E+01  0.00000000000E+00  0.73262286174E+01  0.00000000000E+00  0.78602511364E+01 -0.32366691538E+03 -0.85442829349E+02 -0.11612079697E+03
  0.62181167622E+02  0.00000000000E+00  0.00000000000E+00  0.66008931669E+01  0.00000000000E+00  0.14435767692E+02  0.00000000000E+00  0.72233942510E+01  0.00000000000E+00  0.73060054738E+01  0.00000000000E+00  0.77589513798E+01 -0.30491339046E+03 -0.87673104745E+02 -0.11269964459E+03
  0.63667444848E+02  0.00000000000E+00  0.00000000000E+00  0.65178643683E+01  0.00000000000E+00  0.14096276459E+02  0.00000000000E+00  0.71271106069E+01  0.00000000000E+00  0.72818652738E+01  0.00000000000E+00  0.76570916914E+01 -0.28706824032E+03 -0.89502683520E+02 -0.10938553884E+03
  0.65172441888E+02  0.00000000000E+00  0.00000000000E+00  0.64349252718E+01  0.00000000000E+00  0.13767960673E+02  0.00000000000E+00  0.70309767062E+01  0.00000000000E+00  0.72539403885E+01  0.00000000000E+00  0.75548606443E+01 -0.27011472732E+03 -0.90920851171E+02 -0.10615072690E+03
  0.66696147769E+02  0.00000000000E+00  0.00000000000E+00  0.63521628038E+01  0.00000000000E+00  0.13450516317E+02  0.00000000000E+00  0.69350929408E+01  0.00000000000E+00  0.72223655915E+01  0.00000000000E+00  0.74524608903E+01 -0.25402087233E+03 -0.91971693496E+02 -0.10296945434E+03
  0.68238542176E+02  0.00000000000E+00  0.00000000000E+00  0.62696977267E+01  0.00000000000E+00  0.13143547520E+02  0.00000000000E+00  0.68395933603E+01  0.00000000000E+00  0.71872515384E+01  0.00000000000E+00  0.73500513178E+01 -0.23874951445E+03 -0.92722621632E+02 -0.99816665133E+02
  0.69799595245E+02  0.00000000000E+00  0.00000000000E+00  0.61876650239E+01  0.00000000000E+00  0.12846644711E+02  0.00000000000E+00  0.67446140454E+01  0.00000000000E+00  0.71486926783E+01  0.00000000000E+00  0.72477189098E+01 -0.22427908926E+03 -0.93218986188E+02 -0.96669930226E+02
  0.71379267350E+02  0.00000000000E+00  0.00000000000E+00  0.61061585500E+01  0.00000000000E+00  0.12559453152E+02  0.00000000000E+00  0.66502376897E+01  0.00000000000E+00  0.71068204149E+01  0.00000000000E+00  0.71455041152E+01 -0.21060999861E+03 -0.93465374177E+02 -0.93520011485E+02
  0.72977508896E+02  0.00000000000E+00  0.00000000000E+00  0.60252297631E+01  0.00000000000E+00  0.12281623540E+02  0.00000000000E+00  0.65565260805E+01  0.00000000000E+00  0.70618213092E+01  0.00000000000E+00  0.70434515560E+01 -0.19774445445E+03 -0.93468407271E+02 -0.90377569703E+02
  0.74594260131E+02  0.00000000000E+00  0.00000000000E+00  0.59449299666E+01  0.00000000000E+00  0.12012757335E+02  0.00000000000E+00  0.64635657981E+01  0.00000000000E+00  0.70138901782E+01  0.00000000000E+00  0.69416151257E+01 -0.18565858938E+03 -0.93281663725E+02 -0.87249301923E+02
  0.76229450950E+02  0.00000000000E+00  0.00000000000E+00  0.58653147162E+01  0.00000000000E+00  0.11752451950E+02  0.00000000000E+00  0.63713906061E+01  0.00000000000E+00  0.69631816734E+01  0.00000000000E+00  0.68400092206E+01 -0.17430562196E+03 -0.92945172286E+02 -0.84135655880E+02
  0.77883000715E+02  0.00000000000E+00  0.00000000000E+00  0.57864395060E+01  0.00000000000E+00  0.11500354661E+02  0.00000000000E+00  0.62799335197E+01  0.00000000000E+00  0.69098401876E+01  0.00000000000E+00  0.67386174020E+01 -0.16365508135E+03 -0.92393321328E+02 -0.81063221114E+02
  0.79554818089E+02  0.00000000000E+00  0.00000000000E+00  0.57083744063E+01  0.00000000000E+00  0.11256193180E+02  0.00000000000E+00  0.61891681379E+01  0.00000000000E+00  0.68540279331E+01  0.00000000000E+00  0.66375025449E+01 -0.15370135753E+03 -0.91566994653E+02 -0.78051169571E+02
  0.81244800866E+02  0.00000000000E+00  0.00000000000E+00  0.56311867058E+01  0.00000000000E+00  0.11019786495E+02  0.00000000000E+00  0.60991607133E+01  0.00000000000E+00  0.67958985633E+01  0.00000000000E+00  0.65368136553E+01 -0.14441794369E+03 -0.90523026220E+02 -0.75093222177E+02
  0.82952835823E+02  0.00000000000E+00  0.00000000000E+00  0.55548496494E+01  0.00000000000E+00  0.10790922997E+02  0.00000000000E+00  0.60099110503E+01  0.00000000000E+00  0.67355511110E+01  0.00000000000E+00  0.64366703959E+01 -0.13574323005E+03 -0.89312613552E+02 -0.72185412230E+02
  0.84678798576E+02  0.00000000000E+00  0.00000000000E+00  0.54792594282E+01  0.00000000000E+00  0.10569205472E+02  0.00000000000E+00  0.59213737912E+01  0.00000000000E+00  0.66730461606E+01  0.00000000000E+00  0.63371558854E+01 -0.12761786668E+03 -0.87956849828E+02 -0.69320776807E+02
  0.86422553448E+02  0.00000000000E+00  0.00000000000E+00  0.54043530100E+01  0.00000000000E+00  0.10354064868E+02  0.00000000000E+00  0.58335821980E+01  0.00000000000E+00  0.66085101339E+01  0.00000000000E+00  0.62383421893E+01 -0.11999681046E+03 -0.86481829747E+02 -0.66499372959E+02
  0.88183953352E+02  0.00000000000E+00  0.00000000000E+00  0.53301239685E+01  0.00000000000E+00  0.10144900680E+02  0.00000000000E+00  0.57465908089E+01  0.00000000000E+00  0.65421689418E+01  0.00000000000E+00  0.61402350310E+01 -0.11284924040E+03 -0.84883377923E+02 -0.63735038934E+02
  0.89962839679E+02  0.00000000000E+00  0.00000000000E+00  0.52566049995E+01  0.00000000000E+00  0.99412161990E+01  0.00000000000E+00  0.56604261139E+01  0.00000000000E+00  0.64742695846E+01  0.00000000000E+00  0.60428131367E+01 -0.10616128973E+03 -0.83157169917E+02 -0.61038414056E+02
  0.91759042210E+02  0.00000000000E+00  0.00000000000E+00  0.51838580187E+01  0.00000000000E+00  0.97426818645E+01  0.00000000000E+00  0.55751600813E+01  0.00000000000E+00  0.64050431432E+01  0.00000000000E+00  0.59461271251E+01 -0.99929406782E+02 -0.81347991698E+02 -0.58401986764E+02
  0.93572379028E+02  0.00000000000E+00  0.00000000000E+00  0.51119715611E+01  0.00000000000E+00  0.95491088874E+01  0.00000000000E+00  0.54909158660E+01  0.00000000000E+00  0.63346986714E+01  0.00000000000E+00  0.58502577281E+01 -0.94133290012E+02 -0.79496075630E+02 -0.55818360533E+02
  0.95402656454E+02  0.00000000000E+00  0.00000000000E+00  0.50410723211E+01  0.00000000000E+00  0.93603623448E+01  0.00000000000E+00  0.54078324898E+01  0.00000000000E+00  0.62634096978E+01  0.00000000000E+00  0.57552535051E+01 -0.88743899010E+02 -0.77623737132E+02 -0.53300328962E+02
  0.97249668992E+02  0.00000000000E+00  0.00000000000E+00  0.49712491112E+01  0.00000000000E+00  0.91762622085E+01  0.00000000000E+00  0.53259859899E+01  0.00000000000E+00  0.61913213539E+01  0.00000000000E+00  0.56611468189E+01 -0.83718617334E+02 -0.75752225063E+02 -0.50863505948E+02
  0.99113199294E+02  0.00000000000E+00  0.00000000000E+00  0.49025062420E+01  0.00000000000E+00  0.89965807850E+01  0.00000000000E+00  0.52453483421E+01  0.00000000000E+00  0.61185402208E+01  0.00000000000E+00  0.55679424683E+01 -0.79019513320E+02 -0.73875914864E+02 -0.48509425016E+02
  0.10099301813E+03  0.00000000000E+00  0.00000000000E+00  0.48348266775E+01  0.00000000000E+00  0.88211137468E+01  0.00000000000E+00  0.51658368374E+01  0.00000000000E+00  0.60451673308E+01  0.00000000000E+00  0.54756216893E+01 -0.74628954557E+02 -0.71972559592E+02 -0.46241401062E+02
  0.10288888439E+03  0.00000000000E+00  0.00000000000E+00  0.47681782453E+01  0.00000000000E+00  0.86496942863E+01  0.00000000000E+00  0.50873836797E+01  0.00000000000E+00  0.59713350876E+01  0.00000000000E+00  0.53842198303E+01 -0.70523835283E+02 -0.70041836528E+02 -0.44061068326E+02
  0.10480054508E+03  0.00000000000E+00  0.00000000000E+00  0.47024905001E+01  0.00000000000E+00  0.84821493915E+01  0.00000000000E+00  0.50099940522E+01  0.00000000000E+00  0.58971952704E+01  0.00000000000E+00  0.52938037566E+01 -0.66669403878E+02 -0.68106989240E+02 -0.41963011904E+02
  0.10672773536E+03  0.00000000000E+00  0.00000000000E+00  0.46376896709E+01  0.00000000000E+00  0.83182890613E+01  0.00000000000E+00  0.49337315065E+01  0.00000000000E+00  0.58228823020E+01  0.00000000000E+00  0.52044043025E+01 -0.63037843627E+02 -0.66172037492E+02 -0.39942810068E+02
  0.10867017858E+03  0.00000000000E+00  0.00000000000E+00  0.45737545193E+01  0.00000000000E+00  0.81579774914E+01  0.00000000000E+00  0.48586856194E+01  0.00000000000E+00  0.57485181169E+01  0.00000000000E+00  0.51160494433E+01 -0.59605037357E+02 -0.64247524211E+02 -0.37990006681E+02
  0.11062758634E+03  0.00000000000E+00  0.00000000000E+00  0.45107237285E+01  0.00000000000E+00  0.80011833750E+01  0.00000000000E+00  0.47849248342E+01  0.00000000000E+00  0.56742150123E+01  0.00000000000E+00  0.50287752641E+01 -0.56355016606E+02 -0.62353370384E+02 -0.36087472532E+02
  0.11259965854E+03  0.00000000000E+00  0.00000000000E+00  0.44487002081E+01  0.00000000000E+00  0.78479202083E+01  0.00000000000E+00  0.47124883864E+01  0.00000000000E+00  0.56000409815E+01  0.00000000000E+00  0.49425885266E+01 -0.53282433816E+02 -0.60505185626E+02 -0.34234558807E+02
  0.11458608355E+03  0.00000000000E+00  0.00000000000E+00  0.43877424207E+01  0.00000000000E+00  0.76981672616E+01  0.00000000000E+00  0.46413226498E+01  0.00000000000E+00  0.55260611690E+01  0.00000000000E+00  0.48574701427E+01 -0.50382412501E+02 -0.58697843590E+02 -0.32438768898E+02
  0.11658653822E+03  0.00000000000E+00  0.00000000000E+00  0.43278057676E+01  0.00000000000E+00  0.75518444103E+01  0.00000000000E+00  0.45713115941E+01  0.00000000000E+00  0.54523718817E+01  0.00000000000E+00  0.47734254420E+01 -0.47663157089E+02 -0.56896719215E+02 -0.30702485511E+02
  0.11860068808E+03  0.00000000000E+00  0.00000000000E+00  0.42688956468E+01  0.00000000000E+00  0.74088169358E+01  0.00000000000E+00  0.45025013149E+01  0.00000000000E+00  0.53791089046E+01  0.00000000000E+00  0.46905182798E+01 -0.45127411361E+02 -0.55099050778E+02 -0.29026455202E+02
  0.12062818748E+03  0.00000000000E+00  0.00000000000E+00  0.42111125454E+01  0.00000000000E+00  0.72689301935E+01  0.00000000000E+00  0.44351029533E+01  0.00000000000E+00  0.53064627090E+01  0.00000000000E+00  0.46088430596E+01 -0.42753162427E+02 -0.53351016875E+02 -0.27412370195E+02
  0.12266867973E+03  0.00000000000E+00  0.00000000000E+00  0.41545265349E+01  0.00000000000E+00  0.71320637867E+01  0.00000000000E+00  0.43693004500E+01  0.00000000000E+00  0.52346254721E+01  0.00000000000E+00  0.45285380091E+01 -0.40517378462E+02 -0.51678370299E+02 -0.25875855122E+02
  0.12472179731E+03  0.00000000000E+00  0.00000000000E+00  0.40991512939E+01  0.00000000000E+00  0.69981469963E+01  0.00000000000E+00  0.43051909989E+01  0.00000000000E+00  0.51637463085E+01  0.00000000000E+00  0.44497817472E+01 -0.38397957845E+02 -0.50083870324E+02 -0.24437619980E+02
  0.12678716203E+03  0.00000000000E+00  0.00000000000E+00  0.40449905785E+01  0.00000000000E+00  0.68671867033E+01  0.00000000000E+00  0.42427731339E+01  0.00000000000E+00  0.50939097579E+01  0.00000000000E+00  0.43726846069E+01 -0.36379634570E+02 -0.48564419342E+02 -0.23101601891E+02
  0.12886438532E+03  0.00000000000E+00  0.00000000000E+00  0.39920858428E+01  0.00000000000E+00  0.67392978967E+01  0.00000000000E+00  0.41819873034E+01  0.00000000000E+00  0.50251535443E+01  0.00000000000E+00  0.42972563640E+01 -0.34470296326E+02 -0.47091548204E+02 -0.21860239464E+02
  0.13095306842E+03  0.00000000000E+00  0.00000000000E+00  0.39405279053E+01  0.00000000000E+00  0.66146676413E+01  0.00000000000E+00  0.41228374148E+01  0.00000000000E+00  0.49575748890E+01  0.00000000000E+00  0.42235165356E+01 -0.32680170361E+02 -0.45638247913E+02 -0.20707161496E+02
  0.13305280262E+03  0.00000000000E+00  0.00000000000E+00  0.38904319785E+01  0.00000000000E+00  0.64934771777E+01  0.00000000000E+00  0.40654725230E+01  0.00000000000E+00  0.48914065281E+01  0.00000000000E+00  0.41515868907E+01 -0.31006972386E+02 -0.44215789001E+02 -0.19638519750E+02
  0.13516316958E+03  0.00000000000E+00  0.00000000000E+00  0.38419076745E+01  0.00000000000E+00  0.63758428647E+01  0.00000000000E+00  0.40101266302E+01  0.00000000000E+00  0.48269157359E+01  0.00000000000E+00  0.40816622927E+01 -0.29437118489E+02 -0.42856569645E+02 -0.18648996514E+02
  0.13728374161E+03  0.00000000000E+00  0.00000000000E+00  0.37950588616E+01  0.00000000000E+00  0.62618427641E+01  0.00000000000E+00  0.39569829738E+01  0.00000000000E+00  0.47642893680E+01  0.00000000000E+00  0.40138989697E+01 -0.27962127993E+02 -0.41583421567E+02 -0.17729657554E+02
  0.13941408195E+03  0.00000000000E+00  0.00000000000E+00  0.37499302184E+01  0.00000000000E+00  0.61516032428E+01  0.00000000000E+00  0.39060599124E+01  0.00000000000E+00  0.47036344131E+01  0.00000000000E+00  0.39483890167E+01 -0.26581835876E+02 -0.40398102081E+02 -0.16873107809E+02
  0.14155374512E+03  0.00000000000E+00  0.00000000000E+00  0.37064648017E+01  0.00000000000E+00  0.60453073840E+01  0.00000000000E+00  0.38572076005E+01  0.00000000000E+00  0.46450310719E+01  0.00000000000E+00  0.38852071379E+01 -0.25292420176E+02 -0.39280606098E+02 -0.16078317973E+02
  0.14370227724E+03  0.00000000000E+00  0.00000000000E+00  0.36645954748E+01  0.00000000000E+00  0.59431350771E+01  0.00000000000E+00  0.38102778650E+01  0.00000000000E+00  0.45886119517E+01  0.00000000000E+00  0.38244411031E+01 -0.24080793616E+02 -0.38211096823E+02 -0.15347620357E+02
  0.14585921643E+03  0.00000000000E+00  0.00000000000E+00  0.36243729576E+01  0.00000000000E+00  0.58452382320E+01  0.00000000000E+00  0.37653345865E+01  0.00000000000E+00  0.45345910648E+01  0.00000000000E+00  0.37662334994E+01 -0.22937225099E+02 -0.37193109692E+02 -0.14683639704E+02
  0.14802409311E+03  0.00000000000E+00  0.00000000000E+00  0.35859820097E+01  0.00000000000E+00  0.57517688282E+01  0.00000000000E+00  0.37226661025E+01  0.00000000000E+00  0.44831811509E+01  0.00000000000E+00  0.37107846129E+01 -0.21862431180E+02 -0.36242350535E+02 -0.14088032774E+02
  0.15019643047E+03  0.00000000000E+00  0.00000000000E+00  0.35496820537E+01  0.00000000000E+00  0.56629236788E+01  0.00000000000E+00  0.36825878338E+01  0.00000000000E+00  0.44345348974E+01  0.00000000000E+00  0.36582674233E+01 -0.20863675594E+02 -0.35373356350E+02 -0.13557728517E+02
  0.15237574479E+03  0.00000000000E+00  0.00000000000E+00  0.35157006739E+01  0.00000000000E+00  0.55789630342E+01  0.00000000000E+00  0.36452393761E+01  0.00000000000E+00  0.43887637444E+01  0.00000000000E+00  0.36087827524E+01 -0.19948697726E+02 -0.34580774178E+02 -0.13082941455E+02
  0.15456154590E+03  0.00000000000E+00  0.00000000000E+00  0.34841705901E+01  0.00000000000E+00  0.55001924605E+01  0.00000000000E+00  0.36106190034E+01  0.00000000000E+00  0.43459729207E+01  0.00000000000E+00  0.35624150086E+01 -0.19112883009E+02 -0.33853790629E+02 -0.12653806864E+02
  0.15675333762E+03  0.00000000000E+00  0.00000000000E+00  0.34551251380E+01  0.00000000000E+00  0.54269243585E+01  0.00000000000E+00  0.35786913197E+01  0.00000000000E+00  0.43062726740E+01  0.00000000000E+00  0.35192731715E+01 -0.18343235625E+02 -0.33195740429E+02 -0.12261491095E+02
  0.15895061813E+03  0.00000000000E+00  0.00000000000E+00  0.34285108442E+01  0.00000000000E+00  0.53594322205E+01  0.00000000000E+00  0.35494057712E+01  0.00000000000E+00  0.42697774932E+01  0.00000000000E+00  0.34794858480E+01 -0.17637192495E+02 -0.32598479891E+02 -0.11903600283E+02
  0.16115288049E+03  0.00000000000E+00  0.00000000000E+00  0.34042755043E+01  0.00000000000E+00  0.52979472251E+01  0.00000000000E+00  0.35227726111E+01  0.00000000000E+00  0.42366170788E+01  0.00000000000E+00  0.34432067329E+01 -0.16998207456E+02 -0.32051156199E+02 -0.11581232180E+02
  0.16335961308E+03  0.00000000000E+00  0.00000000000E+00  0.33824625577E+01  0.00000000000E+00  0.52426787546E+01  0.00000000000E+00  0.34988940863E+01  0.00000000000E+00  0.42069015089E+01  0.00000000000E+00  0.34105801054E+01 -0.16425945630E+02 -0.31559312746E+02 -0.11291564076E+02
  0.16557030002E+03  0.00000000000E+00  0.00000000000E+00  0.33631972838E+01  0.00000000000E+00  0.51938144256E+01  0.00000000000E+00  0.34778856715E+01  0.00000000000E+00  0.41807020129E+01  0.00000000000E+00  0.33817058657E+01 -0.15918754105E+02 -0.31134866249E+02 -0.11033652345E+02
  0.16778442172E+03  0.00000000000E+00  0.00000000000E+00  0.33465850253E+01  0.00000000000E+00  0.51515227007E+01  0.00000000000E+00  0.34597887667E+01  0.00000000000E+00  0.41580918154E+01  0.00000000000E+00  0.33566641119E+01 -0.15478091970E+02 -0.30768995524E+02 -0.10813908940E+02
  0.17000145531E+03  0.00000000000E+00  0.00000000000E+00  0.33326506167E+01  0.00000000000E+00  0.51159497424E+01  0.00000000000E+00  0.34445883215E+01  0.00000000000E+00  0.41391626714E+01  0.00000000000E+00  0.33355632727E+01 -0.15107470890E+02 -0.30437712260E+02 -0.10640982808E+02
  0.17222087515E+03  0.00000000000E+00  0.00000000000E+00  0.33213794364E+01  0.00000000000E+00  0.50872307005E+01  0.00000000000E+00  0.34323040483E+01  0.00000000000E+00  0.41240099118E+01  0.00000000000E+00  0.33185521021E+01 -0.14806655544E+02 -0.30142884545E+02 -0.10515197482E+02
  0.17444215334E+03  0.00000000000E+00  0.00000000000E+00  0.33128075897E+01  0.00000000000E+00  0.50655186907E+01  0.00000000000E+00  0.34230169517E+01  0.00000000000E+00  0.41127065708E+01  0.00000000000E+00  0.33057674437E+01 -0.14574899006E+02 -0.29911828635E+02 -0.10426499919E+02
  0.17666476018E+03  0.00000000000E+00  0.00000000000E+00  0.33070302829E+01  0.00000000000E+00  0.50509654691E+01  0.00000000000E+00  0.34168091099E+01  0.00000000000E+00  0.41052504105E+01  0.00000000000E+00  0.32972689276E+01 -0.14415241779E+02 -0.29766049080E+02 -0.10363950924E+02
  0.17888816473E+03  0.00000000000E+00  0.00000000000E+00  0.33041253007E+01  0.00000000000E+00  0.50436703182E+01  0.00000000000E+00  0.34137069599E+01  0.00000000000E+00  0.41015602905E+01  0.00000000000E+00  0.32930370503E+01 -0.14333178638E+02 -0.29700843777E+02 -0.10328345609E+02
