 % Finite-difference simulation Chan180_FD2
 % 
 % Paper: "Comparison of DNS databases of turbulent channel flow
 %         at Re_tau=180" by A.W. Vreman and J.G.M. Kuerten
 % 
 % Parameters:     H=1; nu=1/180; forcing=1
 % Domain:         4pi x 2 x 4pi/3
 % Resolution:     512 x 256 x 256
 % Averaging time: 200
 % Computed u_tau: 0.99996
 % 
 % Creation date of this datafile: 31th August 2013
 % 
 % Description of columns:
 % Column 1:  y+ (=180*yc; yc is the (cell-central) y-location of u, w and p)
 % Column 2:  <u>
 % Column 3:  rms(u)  (=sqrt<u'u'>)
 % Column 4:  <u'u'u'>
 % Column 5:  <u'u'u'u'>
 % Column 6:  <u'u'v'>
 % Column 7:  <u'w'>
  0.24149517884E+00  0.24132498002E+00  0.88799870752E-01  0.65999549556E-03  0.26422017285E-03 -0.38350175710E-05 -0.23415355777E-06
  0.73154524918E+00  0.72996830479E+00  0.26840476417E+00  0.18427977788E-01  0.22099743659E-01 -0.17883830105E-03  0.19230079459E-06
  0.12311392429E+01  0.12264301990E+01  0.45080573038E+00  0.87715732304E-01  0.17541565360E+00 -0.13284094251E-02  0.66120442956E-05
  0.17404356529E+01  0.17301598708E+01  0.63550241802E+00  0.24445351382E+00  0.68471342032E+00 -0.50662651626E-02  0.24011291054E-04
  0.22595944551E+01  0.22402038380E+01  0.82133837871E+00  0.51862547344E+00  0.18664686775E+01 -0.13605581755E-01  0.56244961299E-04
  0.27887770703E+01  0.27551826996E+01  0.10065803515E+01  0.92533508553E+00  0.40639326784E+01 -0.29245402720E-01  0.10600897896E-03
  0.33281463235E+01  0.32733083701E+01  0.11890827304E+01  0.14572670273E+01  0.75560833967E+01 -0.53683493651E-01  0.17509245673E-03
  0.38778664004E+01  0.37924422920E+01  0.13665067916E+01  0.20820587804E+01  0.12478231578E+02 -0.87392972952E-01  0.26455814046E-03
  0.44381028007E+01  0.43101873660E+01  0.15365480702E+01  0.27460784327E+01  0.18786637994E+02 -0.12927972369E+00  0.37446872886E-03
  0.50090222881E+01  0.48240011298E+01  0.16971306123E+01  0.33834359028E+01  0.26275065631E+02 -0.17671608778E+00  0.50318992792E-03
  0.55907928373E+01  0.53313159329E+01  0.18465440664E+01  0.39272946077E+01  0.34627767178E+02 -0.22590765281E+00  0.64674318786E-03
  0.61835835779E+01  0.58296530580E+01  0.19835177259E+01  0.43203099254E+01  0.43483969919E+02 -0.27246008178E+00  0.79872719486E-03
  0.67875647341E+01  0.63167208413E+01  0.21072384934E+01  0.45219467563E+01  0.52493108248E+02 -0.31199046494E+00  0.95099393249E-03
  0.74029075619E+01  0.67904906564E+01  0.22173261400E+01  0.45117898856E+01  0.61350512197E+02 -0.34065596130E+00  0.10948805573E-02
  0.80297842815E+01  0.72492482878E+01  0.23137806618E+01  0.42891489989E+01  0.69813020016E+02 -0.35552397674E+00  0.12226051379E-02
  0.86683680075E+01  0.76916212088E+01  0.23969150439E+01  0.38699772943E+01  0.77699668209E+02 -0.35476027695E+00  0.13284333807E-02
  0.93188326739E+01  0.81165843949E+01  0.24672839026E+01  0.32823459569E+01  0.84884109355E+02 -0.33765144447E+00  0.14093255585E-02
  0.99813529560E+01  0.85234485418E+01  0.25256153088E+01  0.25615808318E+01  0.91284236592E+02 -0.30450138638E+00  0.14649434837E-02
  0.10656104188E+02  0.89118350488E+01  0.25727501901E+01  0.17458500198E+01  0.96852363835E+02 -0.25644916827E+00  0.14971082828E-02
  0.11343262278E+02  0.92816420704E+01  0.26095914086E+01  0.87263959478E+00  0.10156736271E+03 -0.19525156940E+00  0.15089744172E-02
  0.12043003613E+02  0.96330055274E+01  0.26370630256E+01 -0.23738790474E-01  0.10542886711E+03 -0.12306396130E+00  0.15042435069E-02
  0.12755504973E+02  0.99662583605E+01  0.26560792919E+01 -0.91366247553E+00  0.10845305870E+03 -0.42242092959E-01  0.14866374123E-02
  0.13480943422E+02  0.10281890619E+02  0.26675223338E+01 -0.17728955498E+01  0.11066944698E+03  0.44822475730E-01  0.14596198555E-02
  0.14219496212E+02  0.10580512273E+02  0.26722272014E+01 -0.25826716662E+01  0.11211819825E+03  0.13582855601E+00  0.14261473734E-02
  0.14971340671E+02  0.10862819982E+02  0.26709728715E+01 -0.33293614998E+01  0.11284776643E+03  0.22865413019E+00  0.13882099504E-02
  0.15736654095E+02  0.11129568442E+02  0.26644778942E+01 -0.40038954085E+01  0.11291274438E+03  0.32141198891E+00  0.13461022091E-02
  0.16515613625E+02  0.11381546467E+02  0.26533995205E+01 -0.46010726140E+01  0.11237193593E+03  0.41247785361E+00  0.12975999715E-02
  0.17308396133E+02  0.11619557585E+02  0.26383352761E+01 -0.51188519136E+01  0.11128664845E+03  0.50049726745E+00  0.12374057863E-02
  0.18115178090E+02  0.11844404718E+02  0.26198260779E+01 -0.55576875342E+01  0.10971918751E+03  0.58437750758E+00  0.11573227718E-02
  0.18936135436E+02  0.12056878433E+02  0.25983601861E+01 -0.59199435648E+01  0.10773153535E+03  0.66326984930E+00  0.10474599877E-02
  0.19771443450E+02  0.12257748231E+02  0.25743774875E+01 -0.62093935101E+01  0.10538420865E+03  0.73654613441E+00  0.89826776022E-03
  0.20621276601E+02  0.12447756389E+02  0.25482737846E+01 -0.64307976033E+01  0.10273531347E+03  0.80377239257E+00  0.70266828477E-03
  0.21485808409E+02  0.12627613903E+02  0.25204048436E+01 -0.65895516309E+01  0.99839824729E+02  0.86468150576E+00  0.45743829801E-03
  0.22365211294E+02  0.12797998122E+02  0.24910900043E+01 -0.66914042872E+01  0.96749074765E+02  0.91914652438E+00  0.16325169152E-03
  0.23259656419E+02  0.12959551662E+02  0.24606153224E+01 -0.67422393162E+01  0.93510394082E+02  0.96715634581E+00 -0.17666182992E-03
  0.24169313532E+02  0.13112882193E+02  0.24292364956E+01 -0.67479151129E+01  0.90166885692E+02  0.10087951221E+01 -0.55823164757E-03
  0.25094350802E+02  0.13258562762E+02  0.23971817503E+01 -0.67141413395E+01  0.86757299192E+02  0.10442244904E+01 -0.97706103027E-03
  0.26034934648E+02  0.13397132466E+02  0.23646543199E+01 -0.66463709925E+01  0.83315957597E+02  0.10736667902E+01 -0.14273252225E-02
  0.26991229566E+02  0.13529097462E+02  0.23318340435E+01 -0.65497134108E+01  0.79872762765E+02  0.10973900539E+01 -0.19002233874E-02
  0.27963397948E+02  0.13654932288E+02  0.22988783427E+01 -0.64288846115E+01  0.76453334616E+02  0.11156972185E+01 -0.23831751618E-02
  0.28951599905E+02  0.13775081459E+02  0.22659234577E+01 -0.62881915017E+01  0.73079345367E+02  0.11289193207E+01 -0.28600957870E-02
  0.29955993068E+02  0.13889961172E+02  0.22330863712E+01 -0.61315271657E+01  0.69768931199E+02  0.11374086695E+01 -0.33130117370E-02
  0.30976732406E+02  0.13999961042E+02  0.22004669873E+01 -0.59623646479E+01  0.66536945512E+02  0.11415312077E+01 -0.37250150856E-02
  0.32013970023E+02  0.14105445755E+02  0.21681502483E+01 -0.57837660724E+01  0.63395169360E+02  0.11416623329E+01 -0.40834798881E-02
  0.33067854957E+02  0.14206756442E+02  0.21362083642E+01 -0.55984224235E+01  0.60352798387E+02  0.11381862404E+01 -0.43820323552E-02
  0.34138532975E+02  0.14304211569E+02  0.21047032537E+01 -0.54087182987E+01  0.57417218034E+02  0.11314931256E+01 -0.46205482587E-02
  0.35226146364E+02  0.14398107316E+02  0.20736889315E+01 -0.52167971163E+01  0.54594561875E+02  0.11219701288E+01 -0.48034795227E-02
  0.36330833714E+02  0.14488717824E+02  0.20432129755E+01 -0.50245723682E+01  0.51889492270E+02  0.11099874865E+01 -0.49371969239E-02
  0.37452729705E+02  0.14576295865E+02  0.20133163857E+01 -0.48336820629E+01  0.49304649232E+02  0.10958878882E+01 -0.50273101739E-02
  0.38591964883E+02  0.14661074201E+02  0.19840328411E+01 -0.46454696508E+01  0.46840642724E+02  0.10799847892E+01 -0.50775392543E-02
  0.39748665433E+02  0.14743267428E+02  0.19553889312E+01 -0.44610212583E+01  0.44496522196E+02  0.10625644872E+01 -0.50912729048E-02
  0.40922952956E+02  0.14823073972E+02  0.19274048415E+01 -0.42811929862E+01  0.42270143203E+02  0.10438827557E+01 -0.50731685790E-02
  0.42114944235E+02  0.14900678152E+02  0.19000933208E+01 -0.41065945829E+01  0.40158227306E+02  0.10241564004E+01 -0.50270819687E-02
  0.43324751002E+02  0.14976252222E+02  0.18734574921E+01 -0.39375980681E+01  0.38156461036E+02  0.10035642111E+01 -0.49530098167E-02
  0.44552479703E+02  0.15049957998E+02  0.18474907235E+01 -0.37744067871E+01  0.36259866054E+02  0.98226269169E+00 -0.48485901468E-02
  0.45798231258E+02  0.15121947794E+02  0.18221792291E+01 -0.36171340571E+01  0.34463269393E+02  0.96040392122E+00 -0.47136327008E-02
  0.47062100820E+02  0.15192364706E+02  0.17975060205E+01 -0.34658734169E+01  0.32761822819E+02  0.93814685657E+00 -0.45512882135E-02
  0.48344177537E+02  0.15261342248E+02  0.17734556674E+01 -0.33207619819E+01  0.31151496046E+02  0.91566284469E+00 -0.43644149176E-02
  0.49644544306E+02  0.15329003372E+02  0.17500180539E+01 -0.31819848336E+01  0.29629139341E+02  0.89313142033E+00 -0.41517419764E-02
  0.50963277530E+02  0.15395459453E+02  0.17271878023E+01 -0.30496966300E+01  0.28191899161E+02  0.87072265583E+00 -0.39086826666E-02
  0.52300446873E+02  0.15460810297E+02  0.17049595494E+01 -0.29239389974E+01  0.26836527366E+02  0.84857864424E+00 -0.36318303536E-02
  0.53656115017E+02  0.15525145554E+02  0.16833232025E+01 -0.28046159833E+01  0.25558998366E+02  0.82680565690E+00 -0.33208699648E-02
  0.55030337414E+02  0.15588546911E+02  0.16622612366E+01 -0.26914965251E+01  0.24354536965E+02  0.80547457832E+00 -0.29774294180E-02
  0.56423162050E+02  0.15651090031E+02  0.16417493158E+01 -0.25842948460E+01  0.23218293719E+02  0.78463440516E+00 -0.26068252141E-02
  0.57834629192E+02  0.15712845086E+02  0.16217613350E+01 -0.24827855701E+01  0.22145967095E+02  0.76432987300E+00 -0.22202705315E-02
  0.59264771157E+02  0.15773875728E+02  0.16022743642E+01 -0.23868045447E+01  0.21133768536E+02  0.74460416327E+00 -0.18313191883E-02
  0.60713612069E+02  0.15834237900E+02  0.15832689569E+01 -0.22962059643E+01  0.20178380714E+02  0.72549398518E+00 -0.14498625289E-02
  0.62181167622E+02  0.15893980123E+02  0.15647269991E+01 -0.22108722889E+01  0.19277011350E+02  0.70702866038E+00 -0.10811346288E-02
  0.63667444848E+02  0.15953144953E+02  0.15466305622E+01 -0.21306753327E+01  0.18426882804E+02  0.68922907966E+00 -0.72940284756E-03
  0.65172441888E+02  0.16011770072E+02  0.15289607628E+01 -0.20553538963E+01  0.17624504184E+02  0.67209770307E+00 -0.40057315058E-03
  0.66696147769E+02  0.16069888497E+02  0.15116959269E+01 -0.19844957110E+01  0.16865999180E+02  0.65561272991E+00 -0.10251771165E-03
  0.68238542176E+02  0.16127528151E+02  0.14948130588E+01 -0.19176911783E+01  0.16148027704E+02  0.63974455740E+00  0.15789383261E-03
  0.69799595245E+02  0.16184711401E+02  0.14782904006E+01 -0.18546330155E+01  0.15468067535E+02  0.62446990924E+00  0.37981586106E-03
  0.71379267350E+02  0.16241455861E+02  0.14621049365E+01 -0.17950777321E+01  0.14823822448E+02  0.60976825834E+00  0.56820051480E-03
  0.72977508896E+02  0.16297776445E+02  0.14462292563E+01 -0.17387642352E+01  0.14212350197E+02  0.59561772537E+00  0.72794340693E-03
  0.74594260131E+02  0.16353686488E+02  0.14306346524E+01 -0.16854105752E+01  0.13630462223E+02  0.58199800060E+00  0.86098035285E-03
  0.76229450950E+02  0.16409196964E+02  0.14152969533E+01 -0.16347960054E+01  0.13075767776E+02  0.56889382775E+00  0.96946902570E-03
  0.77883000715E+02  0.16464315331E+02  0.14001987234E+01 -0.15867975653E+01  0.12546902502E+02  0.55629380831E+00  0.10577726520E-02
  0.79554818089E+02  0.16519045236E+02  0.13853273768E+01 -0.15413148481E+01  0.12042789413E+02  0.54418495093E+00  0.11292073016E-02
  0.81244800866E+02  0.16573387335E+02  0.13706690534E+01 -0.14981499308E+01  0.11561899557E+02  0.53254015620E+00  0.11816904800E-02
  0.82952835823E+02  0.16627341770E+02  0.13562012093E+01 -0.14570221734E+01  0.11102484869E+02  0.52131470706E+00  0.12087425331E-02
  0.84678798576E+02  0.16680911347E+02  0.13418918162E+01 -0.14176755293E+01  0.10662869125E+02  0.51045965802E+00  0.12039783778E-02
  0.86422553448E+02  0.16734102355E+02  0.13277056346E+01 -0.13798939293E+01  0.10241182139E+02  0.49993162595E+00  0.11626514571E-02
  0.88183953352E+02  0.16786921012E+02  0.13136134152E+01 -0.13434998493E+01  0.98357092505E+01  0.48970126369E+00  0.10807213666E-02
  0.89962839679E+02  0.16839367662E+02  0.12995983380E+01 -0.13084036109E+01  0.94455946473E+01  0.47975796929E+00  0.95572635520E-03
  0.91759042210E+02  0.16891433601E+02  0.12856535524E+01 -0.12745942115E+01  0.90705222010E+01  0.47009653801E+00  0.78846751724E-03
  0.93572379028E+02  0.16943102786E+02  0.12717746271E+01 -0.12420617054E+01  0.87100162659E+01  0.46070284283E+00  0.58304245489E-03
  0.95402656454E+02  0.16994355901E+02  0.12579532339E+01 -0.12107325728E+01  0.83633893271E+01  0.45154960217E+00  0.34855363721E-03
  0.97249668992E+02  0.17045173175E+02  0.12441753779E+01 -0.11804697841E+01  0.80298377241E+01  0.44259895277E+00  0.10220659784E-03
  0.99113199294E+02  0.17095534244E+02  0.12304257499E+01 -0.11510964144E+01  0.77083498012E+01  0.43381121465E+00 -0.13315841418E-03
  0.10099301813E+03  0.17145416358E+02  0.12166911782E+01 -0.11224030229E+01  0.73979091661E+01  0.42514780500E+00 -0.33699521204E-03
  0.10288888439E+03  0.17194793826E+02  0.12029582865E+01 -0.10941851427E+01  0.70976940540E+01  0.41656742670E+00 -0.49589249299E-03
  0.10480054508E+03  0.17243638768E+02  0.11892127771E+01 -0.10662901956E+01  0.68069801191E+01  0.40802752864E+00 -0.60736543780E-03
  0.10672773536E+03  0.17291920957E+02  0.11754441243E+01 -0.10386472237E+01  0.65252737256E+01  0.39949332336E+00 -0.68012812803E-03
  0.10867017858E+03  0.17339606717E+02  0.11616496721E+01 -0.10112683999E+01  0.62524406550E+01  0.39094369409E+00 -0.72457383287E-03
  0.11062758634E+03  0.17386658811E+02  0.11478325425E+01 -0.98417604336E+00  0.59884751354E+01  0.38236630483E+00 -0.74545754351E-03
  0.11259965854E+03  0.17433037498E+02  0.11339962223E+01 -0.95735283398E+00  0.57334406076E+01  0.37374755665E+00 -0.74564011469E-03
  0.11458608355E+03  0.17478701706E+02  0.11201408220E+01 -0.93076109422E+00  0.54873111540E+01  0.36506019371E+00 -0.73032842625E-03
  0.11658653822E+03  0.17523610412E+02  0.11062630166E+01 -0.90434915042E+00  0.52496068761E+01  0.35626685686E+00 -0.70408187188E-03
  0.11860068808E+03  0.17567723573E+02  0.10923588187E+01 -0.87803103629E+00  0.50195266781E+01  0.34733915502E+00 -0.66837555646E-03
  0.12062818748E+03  0.17611001330E+02  0.10784262299E+01 -0.85170045680E+00  0.47964456597E+01  0.33825901299E+00 -0.62492496097E-03
  0.12266867973E+03  0.17653402277E+02  0.10644654115E+01 -0.82525825834E+00  0.45800097625E+01  0.32900462227E+00 -0.57821203522E-03
  0.12472179731E+03  0.17694882523E+02  0.10504786847E+01 -0.79865393315E+00  0.43700682848E+01  0.31955262489E+00 -0.53327051200E-03
  0.12678716203E+03  0.17735396030E+02  0.10364733657E+01 -0.77190295770E+00  0.41665667819E+01  0.30988839004E+00 -0.49299358266E-03
  0.12886438532E+03  0.17774894942E+02  0.10224658263E+01 -0.74504538715E+00  0.39694744298E+01  0.30000913028E+00 -0.45677494199E-03
  0.13095306842E+03  0.17813329156E+02  0.10084808432E+01 -0.71809262360E+00  0.37787233177E+01  0.28991644785E+00 -0.42233638540E-03
  0.13305280262E+03  0.17850646328E+02  0.99454561599E+00 -0.69103001121E+00  0.35941907408E+01  0.27960350705E+00 -0.38838930190E-03
  0.13516316958E+03  0.17886792482E+02  0.98068695107E+00 -0.66387375467E+00  0.34158443908E+01  0.26905416976E+00 -0.35415489639E-03
  0.13728374161E+03  0.17921712355E+02  0.96693456292E+00 -0.63670817240E+00  0.32438936528E+01  0.25825435255E+00 -0.31927186662E-03
  0.13941408195E+03  0.17955350045E+02  0.95332219828E+00 -0.60964110174E+00  0.30785721983E+01  0.24719219871E+00 -0.28719058538E-03
  0.14155374512E+03  0.17987649971E+02  0.93988602359E+00 -0.58276521017E+00  0.29199626278E+01  0.23585425194E+00 -0.26640882684E-03
  0.14370227724E+03  0.18018557214E+02  0.92666588411E+00 -0.55616588350E+00  0.27680108096E+01  0.22422995550E+00 -0.26398969171E-03
  0.14585921643E+03  0.18048017709E+02  0.91370709982E+00 -0.52992128156E+00  0.26226028864E+01  0.21231573316E+00 -0.27834604030E-03
  0.14802409311E+03  0.18075978581E+02  0.90106208354E+00 -0.50412199372E+00  0.24837698117E+01  0.20011583406E+00 -0.30019341014E-03
  0.15019643047E+03  0.18102387599E+02  0.88879095469E+00 -0.47889487526E+00  0.23517332781E+01  0.18764248356E+00 -0.32010490140E-03
  0.15237574479E+03  0.18127191865E+02  0.87695868948E+00 -0.45439162460E+00  0.22268001426E+01  0.17491295146E+00 -0.33390159721E-03
  0.15456154590E+03  0.18150337495E+02  0.86563191740E+00 -0.43077263185E+00  0.21093365304E+01  0.16194458697E+00 -0.34038639416E-03
  0.15675333762E+03  0.18171771299E+02  0.85487839667E+00 -0.40820842147E+00  0.19997865754E+01  0.14874926594E+00 -0.33725886758E-03
  0.15895061813E+03  0.18191442979E+02  0.84476988492E+00 -0.38688618055E+00  0.18986248715E+01  0.13533368580E+00 -0.32119729746E-03
  0.16115288049E+03  0.18209305637E+02  0.83538551443E+00 -0.36700979451E+00  0.18063070920E+01  0.12170634093E+00 -0.28972403800E-03
  0.16335961308E+03  0.18225314906E+02  0.82680891916E+00 -0.34877660225E+00  0.17232155646E+01  0.10788107686E+00 -0.24225770090E-03
  0.16557030002E+03  0.18239428568E+02  0.81912040439E+00 -0.33236422981E+00  0.16497051066E+01  0.93876938258E-01 -0.18042794615E-03
  0.16778442172E+03  0.18251607395E+02  0.81239038815E+00 -0.31792442906E+00  0.15860433298E+01  0.79714893435E-01 -0.10855377259E-03
  0.17000145531E+03  0.18261816101E+02  0.80667771953E+00 -0.30558197564E+00  0.15323776813E+01  0.65415846137E-01 -0.33062354850E-04
  0.17222087515E+03  0.18270023476E+02  0.80203314053E+00 -0.29545922441E+00  0.14888797670E+01  0.51002384873E-01  0.39484862996E-04
  0.17444215334E+03  0.18276202705E+02  0.79850238487E+00 -0.28768633575E+00  0.14558002717E+01  0.36498431029E-01  0.10300668349E-03
  0.17666476018E+03  0.18280333003E+02  0.79612453362E+00 -0.28239607969E+00  0.14334584514E+01  0.21927616551E-01  0.15081590338E-03
  0.17888816473E+03  0.18282401146E+02  0.79492810262E+00 -0.27971177663E+00  0.14221826419E+01  0.73141989314E-02  0.17653911623E-03
