 % Finite-difference simulation Chan180_FD2
 % 
 % Paper: "Comparison of DNS databases of turbulent channel flow
 %         at Re_tau=180" by A.W. Vreman and J.G.M. Kuerten
 % 
 % Parameters:     H=1; nu=1/180; forcing=1
 % Domain:         4pi x 2 x 4pi/3
 % Resolution:     512 x 256 x 256
 % Averaging time: 200
 % Computed u_tau: 0.99996
 % 
 % Creation date of this datafile: 31th August 2013
 % 
 % Description of columns:
 % Column 1:  y+ (=180*yc; yc is the (cell-central) y-location of u, w and p)
 % Column 2:  <w>
 % Column 3:  rms(w)  (=sqrt<w'w'>)
 % Column 4:  <w'w'w'>
 % Column 5:  <w'w'w'w'>
 % Column 6:  <w'w'v'>
  0.24149517884E+00  0.30059200373E-04  0.46571987368E-01  0.30135573412E-06  0.36319388557E-04  0.17987340875E-06
  0.73154524918E+00  0.91054728217E-04  0.13338315745E+00  0.58594765720E-05  0.23087083558E-02  0.92464996086E-05
  0.12311392429E+01  0.15320392503E-03  0.21237360182E+00  0.18544876596E-04  0.14022578053E-01  0.69416301513E-04
  0.17404356529E+01  0.21640609024E-03  0.28422075631E+00  0.32212205354E-04  0.42557751678E-01  0.25882185224E-03
  0.22595944551E+01  0.28047683891E-03  0.34952948236E+00  0.38392572313E-04  0.92260832205E-01  0.67365772055E-03
  0.27887770703E+01  0.34517532831E-03  0.40887153434E+00  0.31206573490E-04  0.16414052106E+00  0.14079665063E-02
  0.33281463235E+01  0.41024431323E-03  0.46280544507E+00  0.10010951772E-04  0.25673145715E+00  0.25371489399E-02
  0.38778664004E+01  0.47543318741E-03  0.51188121437E+00 -0.20857870428E-04  0.36718977881E+00  0.41073456935E-02
  0.44381028007E+01  0.54048280424E-03  0.55663481999E+00 -0.53947683525E-04  0.49220340147E+00  0.61310663666E-02
  0.50090222881E+01  0.60507335550E-03  0.59757750311E+00 -0.80125385705E-04  0.62859281510E+00  0.85882342321E-02
  0.55907928373E+01  0.66875644922E-03  0.63518394876E+00 -0.88976535263E-04  0.77361858101E+00  0.11431050249E-01
  0.61835835779E+01  0.73089928953E-03  0.66988221991E+00 -0.69064063362E-04  0.92506882291E+00  0.14590897696E-01
  0.67875647341E+01  0.79066310504E-03  0.70204701699E+00 -0.90785200217E-05  0.10812148614E+01  0.17985758857E-01
  0.74029075619E+01  0.84702586706E-03  0.73199676576E+00  0.99827306535E-04  0.12407114703E+01  0.21527093527E-01
  0.80297842815E+01  0.89884637705E-03  0.75999428905E+00  0.26114107414E-03  0.14024903569E+01  0.25125657823E-01
  0.86683680075E+01  0.94495672461E-03  0.78625040622E+00  0.47086210412E-03  0.15656667083E+01  0.28696158393E-01
  0.93188326739E+01  0.98426627385E-03  0.81092966247E+00  0.71749743759E-03  0.17294619992E+01  0.32160844119E-01
  0.99813529560E+01  0.10158639592E-02  0.83415740236E+00  0.98471663145E-03  0.18931436878E+01  0.35452138571E-01
  0.10656104188E+02  0.10391124371E-02  0.85602746126E+00  0.12560507622E-02  0.20559850937E+01  0.38514323245E-01
  0.11343262278E+02  0.10537305090E-02  0.87660981220E+00  0.15200278115E-02  0.22172480576E+01  0.41304233060E-01
  0.12043003613E+02  0.10598570366E-02  0.89595758714E+00  0.17735730700E-02  0.23761877277E+01  0.43791009942E-01
  0.12755504973E+02  0.10580850188E-02  0.91411303292E+00  0.20218307271E-02  0.25320758790E+01  0.45955167692E-01
  0.13480943422E+02  0.10494551750E-02  0.93111217695E+00  0.22738126118E-02  0.26842343301E+01  0.47787375713E-01
  0.14219496212E+02  0.10354062132E-02  0.94698821482E+00  0.25350266232E-02  0.28320633419E+01  0.49287293076E-01
  0.14971340671E+02  0.10176881778E-02  0.96177380189E+00  0.28001150330E-02  0.29750491678E+01  0.50462563730E-01
  0.15736654095E+02  0.99824908748E-03  0.97550249996E+00  0.30496733773E-02  0.31127509654E+01  0.51327954316E-01
  0.16515613625E+02  0.97910732558E-03  0.98820963267E+00  0.32542395414E-02  0.32447913079E+01  0.51904576835E-01
  0.17308396133E+02  0.96222896207E-03  0.99993273964E+00  0.33842033398E-02  0.33708678023E+01  0.52219063954E-01
  0.18115178090E+02  0.94942780607E-03  0.10107117033E+01  0.34201472811E-02  0.34907625179E+01  0.52302666454E-01
  0.18936135436E+02  0.94228691862E-03  0.10205886015E+01  0.33579833415E-02  0.36043204162E+01  0.52190450168E-01
  0.19771443450E+02  0.94209149288E-03  0.10296074142E+01  0.32070600328E-02  0.37114186579E+01  0.51920611037E-01
  0.20621276601E+02  0.94978434267E-03  0.10378136595E+01  0.29844030516E-02  0.38119706175E+01  0.51533686584E-01
  0.21485808409E+02  0.96596994118E-03  0.10452538578E+01  0.27102653357E-02  0.39059609182E+01  0.51071508813E-01
  0.22365211294E+02  0.99096877720E-03  0.10519747018E+01  0.24065720982E-02  0.39934626932E+01  0.50575972354E-01
  0.23259656419E+02  0.10248823121E-02  0.10580220209E+01  0.20962619741E-02  0.40746073511E+01  0.50087943395E-01
  0.24169313532E+02  0.10676049000E-02  0.10634398340E+01  0.18031886861E-02  0.41495318245E+01  0.49646578487E-01
  0.25094350802E+02  0.11187438531E-02  0.10682697227E+01  0.15528515033E-02  0.42183508883E+01  0.49288842525E-01
  0.26034934648E+02  0.11774893473E-02  0.10725505160E+01  0.13715465412E-02  0.42811632889E+01  0.49048692322E-01
  0.26991229566E+02  0.12425452621E-02  0.10763181107E+01  0.12828313888E-02  0.43380734595E+01  0.48955631231E-01
  0.27963397948E+02  0.13122079847E-02  0.10796052249E+01  0.13046491986E-02  0.43892161240E+01  0.49032880384E-01
  0.28951599905E+02  0.13845872494E-02  0.10824410366E+01  0.14494470697E-02  0.44347535505E+01  0.49296068887E-01
  0.29955993068E+02  0.14579025240E-02  0.10848509394E+01  0.17234149184E-02  0.44748306794E+01  0.49753317643E-01
  0.30976732406E+02  0.15307743642E-02  0.10868566334E+01  0.21193479782E-02  0.45095307313E+01  0.50406584544E-01
  0.32013970023E+02  0.16024015749E-02  0.10884765438E+01  0.26075068621E-02  0.45388611783E+01  0.51253764938E-01
  0.33067854957E+02  0.16725132692E-02  0.10897266564E+01  0.31370995622E-02  0.45627771103E+01  0.52290869396E-01
  0.34138532975E+02  0.17410896995E-02  0.10906215466E+01  0.36523873745E-02  0.45812534121E+01  0.53512403078E-01
  0.35226146364E+02  0.18080036408E-02  0.10911746365E+01  0.41150205074E-02  0.45943282905E+01  0.54909799098E-01
  0.36330833714E+02  0.18728066886E-02  0.10913974093E+01  0.45167949625E-02  0.46020715966E+01  0.56470890815E-01
  0.37452729705E+02  0.19347687397E-02  0.10912984635E+01  0.48706196288E-02  0.46045558521E+01  0.58180954812E-01
  0.38591964883E+02  0.19930633437E-02  0.10908831333E+01  0.51852747787E-02  0.46018407433E+01  0.60023921389E-01
  0.39748665433E+02  0.20469313089E-02  0.10901540550E+01  0.54543295456E-02  0.45939620324E+01  0.61984249556E-01
  0.40922952956E+02  0.20956983248E-02  0.10891127375E+01  0.56734010929E-02  0.45809569766E+01  0.64048672163E-01
  0.42114944235E+02  0.21384489675E-02  0.10877612173E+01  0.58529327818E-02  0.45628834379E+01  0.66205694370E-01
  0.43324751002E+02  0.21733772208E-02  0.10861027877E+01  0.60124946748E-02  0.45397786862E+01  0.68443456512E-01
  0.44552479703E+02  0.21974167722E-02  0.10841419209E+01  0.61699938959E-02  0.45116479839E+01  0.70747920194E-01
  0.45798231258E+02  0.22066041517E-02  0.10818839016E+01  0.63250561578E-02  0.44785236261E+01  0.73102093049E-01
  0.47062100820E+02  0.21968570493E-02  0.10793345255E+01  0.64544366737E-02  0.44405113639E+01  0.75485415541E-01
  0.48344177537E+02  0.21647056769E-02  0.10764998362E+01  0.65275446205E-02  0.43977806830E+01  0.77873375930E-01
  0.49644544306E+02  0.21077290187E-02  0.10733860480E+01  0.65212926049E-02  0.43505604913E+01  0.80239999113E-01
  0.50963277530E+02  0.20245777589E-02  0.10700000650E+01  0.64261438980E-02  0.42991819893E+01  0.82562732524E-01
  0.52300446873E+02  0.19147604279E-02  0.10663495742E+01  0.62444431173E-02  0.42440412811E+01  0.84825994835E-01
  0.53656115017E+02  0.17785399535E-02  0.10624423225E+01  0.59853443641E-02  0.41855059296E+01  0.87023275329E-01
  0.55030337414E+02  0.16171064427E-02  0.10582856122E+01  0.56687025630E-02  0.41239416381E+01  0.89154954285E-01
  0.56423162050E+02  0.14328533756E-02  0.10538852272E+01  0.53278172341E-02  0.40597077871E+01  0.91219072575E-01
  0.57834629192E+02  0.12293759754E-02  0.10492437052E+01  0.49955693106E-02  0.39930070234E+01  0.93204464615E-01
  0.59264771157E+02  0.10110960599E-02  0.10443602290E+01  0.46927705086E-02  0.39237898870E+01  0.95095000693E-01
  0.60713612069E+02  0.78279834461E-03  0.10392334498E+01  0.44286134277E-02  0.38518664831E+01  0.96879666132E-01
  0.62181167622E+02  0.54935969304E-03  0.10338653408E+01  0.41934218753E-02  0.37771719349E+01  0.98556245405E-01
  0.63667444848E+02  0.31560720920E-03  0.10282625094E+01  0.39508513275E-02  0.36999139255E+01  0.10012751739E+00
  0.65172441888E+02  0.85870525087E-04  0.10224348514E+01  0.36580033744E-02  0.36204644372E+01  0.10159783275E+00
  0.66696147769E+02 -0.13666726308E-03  0.10163927273E+01  0.33122851588E-02  0.35392094496E+01  0.10296818127E+00
  0.68238542176E+02 -0.35041586202E-03  0.10101443422E+01  0.29614328192E-02  0.34565239579E+01  0.10423496916E+00
  0.69799595245E+02 -0.55554708705E-03  0.10036958269E+01  0.26571718766E-02  0.33727936215E+01  0.10539348226E+00
  0.71379267350E+02 -0.75339541533E-03  0.99705202387E+00  0.24178127860E-02  0.32883893305E+01  0.10643802248E+00
  0.72977508896E+02 -0.94523109848E-03  0.99021607887E+00  0.22338940169E-02  0.32035932529E+01  0.10736100663E+00
  0.74594260131E+02 -0.11317085141E-02  0.98318990071E+00  0.20774223773E-02  0.31185388720E+01  0.10815538255E+00
  0.76229450950E+02 -0.13132384592E-02  0.97597654509E+00  0.19016990310E-02  0.30332870424E+01  0.10881906921E+00
  0.77883000715E+02 -0.14902683203E-02  0.96858311525E+00  0.16628309285E-02  0.29479115195E+01  0.10935812037E+00
  0.79554818089E+02 -0.16629552801E-02  0.96102127756E+00  0.13348405479E-02  0.28624886326E+01  0.10978161901E+00
  0.81244800866E+02 -0.18305000549E-02  0.95330317381E+00  0.90339356901E-03  0.27771393784E+01  0.11009127783E+00
  0.82952835823E+02 -0.19908187613E-02  0.94543776249E+00  0.37903303866E-03  0.26920848806E+01  0.11028253494E+00
  0.84678798576E+02 -0.21409541878E-02  0.93743326565E+00 -0.18545702420E-03  0.26076612945E+01  0.11035582214E+00
  0.86422553448E+02 -0.22779969473E-02  0.92930103806E+00 -0.70901810501E-03  0.25241902639E+01  0.11031775532E+00
  0.88183953352E+02 -0.24002584646E-02  0.92105650895E+00 -0.11288760159E-02  0.24418707540E+01  0.11017395953E+00
  0.89962839679E+02 -0.25081014982E-02  0.91271822135E+00 -0.14417079432E-02  0.23609164307E+01  0.10992572486E+00
  0.91759042210E+02 -0.26037521504E-02  0.90430433654E+00 -0.16804620504E-02  0.22815351250E+01  0.10956806528E+00
  0.93572379028E+02 -0.26907220830E-02  0.89582640471E+00 -0.18453413152E-02  0.22037502195E+01  0.10908801705E+00
  0.95402656454E+02 -0.27737968061E-02  0.88728590409E+00 -0.18960960843E-02  0.21273862705E+01  0.10847043068E+00
  0.97249668992E+02 -0.28590153588E-02  0.87867685089E+00 -0.18111011782E-02  0.20522167293E+01  0.10770428505E+00
  0.99113199294E+02 -0.29525907578E-02  0.86999017626E+00 -0.16236220378E-02  0.19781117984E+01  0.10678508131E+00
  0.10099301813E+03 -0.30590590728E-02  0.86121916876E+00 -0.13988506562E-02  0.19050999547E+01  0.10571713375E+00
  0.10288888439E+03 -0.31799049443E-02  0.85236445765E+00 -0.11909621901E-02  0.18333807371E+01  0.10451043075E+00
  0.10480054508E+03 -0.33133148661E-02  0.84343486139E+00 -0.10155637932E-02  0.17632177943E+01  0.10317825433E+00
  0.10672773536E+03 -0.34557995413E-02  0.83444566824E+00 -0.84755355503E-03  0.16948437697E+01  0.10173909721E+00
  0.10867017858E+03 -0.36051503155E-02  0.82541405155E+00 -0.64962194355E-03  0.16283552313E+01  0.10021049362E+00
  0.11062758634E+03 -0.37613064497E-02  0.81635230697E+00 -0.40551046202E-03  0.15636287112E+01  0.98595719726E-01
  0.11259965854E+03 -0.39239190798E-02  0.80726725387E+00 -0.12976608603E-03  0.15004773493E+01  0.96887114114E-01
  0.11458608355E+03 -0.40901663354E-02  0.79816676985E+00  0.15975849541E-03  0.14388380905E+01  0.95080650324E-01
  0.11658653822E+03 -0.42558390844E-02  0.78906461874E+00  0.46039275380E-03  0.13787995142E+01  0.93178741180E-01
  0.11860068808E+03 -0.44180868191E-02  0.77998074249E+00  0.75018126717E-03  0.13205279784E+01  0.91184625846E-01
  0.12062818748E+03 -0.45763484229E-02  0.77093790454E+00  0.98377344539E-03  0.12641273801E+01  0.89096440943E-01
  0.12266867973E+03 -0.47312889494E-02  0.76195769358E+00  0.11281037261E-02  0.12096108322E+01  0.86908114892E-01
  0.12472179731E+03 -0.48835602443E-02  0.75305813866E+00  0.11859139709E-02  0.11569245983E+01  0.84612997752E-01
  0.12678716203E+03 -0.50331412629E-02  0.74425320213E+00  0.11878887671E-02  0.11060119569E+01  0.82207166389E-01
  0.12886438532E+03 -0.51795850132E-02  0.73555542677E+00  0.11610968909E-02  0.10569330110E+01  0.79692726746E-01
  0.13095306842E+03 -0.53226605593E-02  0.72697949793E+00  0.11184361844E-02  0.10098192074E+01  0.77077046331E-01
  0.13305280262E+03 -0.54625352035E-02  0.71854374433E+00  0.10607487650E-02  0.96476690659E+00  0.74366537069E-01
  0.13516316958E+03 -0.55999362447E-02  0.71026918434E+00  0.98504064051E-03  0.92182543062E+00  0.71560561266E-01
  0.13728374161E+03 -0.57366554098E-02  0.70217638854E+00  0.89364233998E-03  0.88099096890E+00  0.68654648535E-01
  0.13941408195E+03 -0.58752159212E-02  0.69428330747E+00  0.79149412730E-03  0.84223349291E+00  0.65647942447E-01
  0.14155374512E+03 -0.60172185819E-02  0.68660679641E+00  0.68524417816E-03  0.80550119002E+00  0.62545985609E-01
  0.14370227724E+03 -0.61620129423E-02  0.67916790060E+00  0.57873608125E-03  0.77073816650E+00  0.59362808898E-01
  0.14585921643E+03 -0.63066573847E-02  0.67199683592E+00  0.47103787282E-03  0.73796491030E+00  0.56118148489E-01
  0.14802409311E+03 -0.64464986806E-02  0.66513079108E+00  0.35793391593E-03  0.70727741752E+00  0.52826746817E-01
  0.15019643047E+03 -0.65761062261E-02  0.65860474256E+00  0.23840770675E-03  0.67873323497E+00  0.49491229218E-01
  0.15237574479E+03 -0.66903796473E-02  0.65244507236E+00  0.12719346264E-03  0.65232346540E+00  0.46105006492E-01
  0.15456154590E+03 -0.67853455233E-02  0.64667114800E+00  0.49016581952E-04  0.62801188083E+00  0.42659163655E-01
  0.15675333762E+03 -0.68587212433E-02  0.64130081394E+00  0.18647084972E-04  0.60575479235E+00  0.39148145256E-01
  0.15895061813E+03 -0.69104736539E-02  0.63635410133E+00  0.27455892751E-04  0.58551955406E+00  0.35574732265E-01
  0.16115288049E+03 -0.69432499522E-02  0.63185193334E+00  0.48529740206E-04  0.56728180769E+00  0.31948518516E-01
  0.16335961308E+03 -0.69621416978E-02  0.62781149814E+00  0.53748818510E-04  0.55102500926E+00  0.28279129027E-01
  0.16557030002E+03 -0.69733145760E-02  0.62424504372E+00  0.26198230392E-04  0.53675359076E+00  0.24574840029E-01
  0.16778442172E+03 -0.69822387281E-02  0.62116356904E+00 -0.41251697618E-04  0.52449548256E+00  0.20843722327E-01
  0.17000145531E+03 -0.69925525131E-02  0.61857925930E+00 -0.15044965626E-03  0.51429471901E+00  0.17092228914E-01
  0.17222087515E+03 -0.70055049046E-02  0.61650363797E+00 -0.28945276049E-03  0.50618349081E+00  0.13323636166E-01
  0.17444215334E+03 -0.70197852783E-02  0.61494429169E+00 -0.43290015095E-03  0.50014582686E+00  0.95377552585E-02
  0.17666476018E+03 -0.70321885704E-02  0.61390416527E+00 -0.55305060964E-03  0.49613006481E+00  0.57333468151E-02
  0.17888816473E+03 -0.70393500725E-02  0.61338390696E+00 -0.62314831009E-03  0.49411449486E+00  0.19132037624E-02
