 % Finite-difference simulation Chan180_FD2
 % 
 % Paper: "Comparison of DNS databases of turbulent channel flow
 %         at Re_tau=180" by A.W. Vreman and J.G.M. Kuerten
 % 
 % Parameters:     H=1; nu=1/180; forcing=1
 % Domain:         4pi x 2 x 4pi/3
 % Resolution:     512 x 256 x 256
 % Averaging time: 200
 % Computed u_tau: 0.99996
 % 
 % Creation date of this datafile: 31th August 2013
 % 
 % Description of columns:
 % Column 1:  y+ (=180*yc; yc is the (cell-central) y-location of u, w and p)
 % Column 2:  <p>
 % Column 3:  rms(p)  (=sqrt<p'p'>)
 % Column 4:  <p'u'>
 % Column 5:  <p'v'>
 % Column 6:  <p'w'>
 % Column 7:  <p' du'/dx>
 % Column 8:  <p' dv'/dy>
 % Column 9:  <p' dw'/dz>
  0.24149517884E+00  0.48737586321E+00  0.15379110989E+01  0.12631608660E-01 -0.58920482933E-03  0.65285472441E-04  0.59040445504E-01 -0.43704417290E+00  0.37800372740E+00
  0.73154524918E+00  0.48735493146E+00  0.15356104221E+01  0.36659400049E-01 -0.26769188769E-02  0.19836594152E-03  0.11010319390E+00 -0.11001215262E+01  0.99001833231E+00
  0.12311392429E+01  0.48724143170E+00  0.15345022690E+01  0.57665071914E-01 -0.62988416806E-02  0.33530147068E-03  0.85435155528E-01 -0.15353037000E+01  0.14498685444E+01
  0.17404356529E+01  0.48691961038E+00  0.15346336307E+01  0.74709117560E-01 -0.10949799898E-01  0.47590730805E-03  0.11343267216E-03 -0.17982426283E+01  0.17981291956E+01
  0.22595944551E+01  0.48625423841E+00  0.15360391505E+01  0.87379355863E-01 -0.16249612835E-01  0.61994969028E-03 -0.13279290184E+00 -0.19348922818E+01  0.20676851836E+01
  0.27887770703E+01  0.48510735776E+00  0.15387359230E+01  0.95658903386E-01 -0.21920968350E-01  0.76749893553E-03 -0.30233744835E+00 -0.19815850621E+01  0.22839225105E+01
  0.33281463235E+01  0.48334884111E+00  0.15427217946E+01  0.99824096734E-01 -0.27767212364E-01  0.91890006656E-03 -0.49946858056E+00 -0.19659645562E+01  0.24654331367E+01
  0.38778664004E+01  0.48086239951E+00  0.15479758706E+01  0.10036704444E+00 -0.33651939829E-01  0.10744898704E-02 -0.71671937319E+00 -0.19082689317E+01  0.26249883049E+01
  0.44381028007E+01  0.47754839552E+00  0.15544602461E+01  0.97933934084E-01 -0.39481322601E-01  0.12342189035E-02 -0.94792549833E+00 -0.18226898619E+01  0.27706153602E+01
  0.50090222881E+01  0.47332454027E+00  0.15621222752E+01  0.93271463224E-01 -0.45189553685E-01  0.13973180962E-02 -0.11879937855E+01 -0.17186724583E+01  0.29066662438E+01
  0.55907928373E+01  0.46812530705E+00  0.15708969213E+01  0.87177144815E-01 -0.50727477093E-01  0.15621307721E-02 -0.14327115956E+01 -0.16020944895E+01  0.30348060851E+01
  0.61835835779E+01  0.46190068763E+00  0.15807089014E+01  0.80452596466E-01 -0.56054292086E-01  0.17261911760E-02 -0.16785852954E+01 -0.14762957462E+01  0.31548810415E+01
  0.67875647341E+01  0.45461474123E+00  0.15914744772E+01  0.73861158651E-01 -0.61132095333E-01  0.18865360584E-02 -0.19227035683E+01 -0.13429430902E+01  0.32656466585E+01
  0.74029075619E+01  0.44624423094E+00  0.16031028559E+01  0.68092056312E-01 -0.65922918904E-01  0.20401297818E-02 -0.21626266756E+01 -0.12027257790E+01  0.33653524546E+01
  0.80297842815E+01  0.43677750713E+00  0.16154972668E+01  0.63733057144E-01 -0.70387827649E-01  0.21842533314E-02 -0.23963036226E+01 -0.10558834749E+01  0.34521870975E+01
  0.86683680075E+01  0.42621369120E+00  0.16285558480E+01  0.61252669887E-01 -0.74487566466E-01  0.23167694254E-02 -0.26220176014E+01 -0.90257658530E+00  0.35245941867E+01
  0.93188326739E+01  0.41456213913E+00  0.16421724776E+01  0.60991922304E-01 -0.78184217005E-01  0.24362401732E-02 -0.28383575306E+01 -0.74311543167E+00  0.35814729622E+01
  0.99813529560E+01  0.40184211897E+00  0.16562376401E+01  0.63165004136E-01 -0.81443349930E-01  0.25418809211E-02 -0.30442093575E+01 -0.57807175075E+00  0.36222811083E+01
  0.10656104188E+02  0.38808261076E+00  0.16706393771E+01  0.67867514434E-01 -0.84236234744E-01  0.26333408737E-02 -0.32387561754E+01 -0.40830204830E+00  0.36470582237E+01
  0.11343262278E+02  0.37332212712E+00  0.16852643551E+01  0.75090560323E-01 -0.86541773666E-01  0.27103549365E-02 -0.34214748179E+01 -0.23491439783E+00  0.36563892158E+01
  0.12043003613E+02  0.35760846016E+00  0.16999990686E+01  0.84738618410E-01 -0.88347943564E-01  0.27723739246E-02 -0.35921203282E+01 -0.59206311313E-01  0.36513266395E+01
  0.12755504973E+02  0.34099827945E+00  0.17147311944E+01  0.96649119045E-01 -0.89652640720E-01  0.28183167821E-02 -0.37506957373E+01  0.11740674906E+00  0.36332889882E+01
  0.13480943422E+02  0.32355653194E+00  0.17293511149E+01  0.11061204168E+00 -0.90463908087E-01  0.28465705755E-02 -0.38974092734E+01  0.29346068778E+00  0.36039485856E+01
  0.14219496212E+02  0.30535562841E+00  0.17437535612E+01  0.12638807578E+00 -0.90799584495E-01  0.28552474116E-02 -0.40326240757E+01  0.46750403926E+00  0.35651200364E+01
  0.14971340671E+02  0.28647443976E+00  0.17578392043E+01  0.14372414961E+00 -0.90686467433E-01  0.28425595265E-02 -0.41568067351E+01  0.63814778699E+00  0.35186589481E+01
  0.15736654095E+02  0.26699715846E+00  0.17715159684E+01  0.16236566543E+00 -0.90159128846E-01  0.28071503113E-02 -0.42704794013E+01  0.80410040344E+00  0.34663789978E+01
  0.16515613625E+02  0.24701209547E+00  0.17846999352E+01  0.18206543868E+00 -0.89258546527E-01  0.27482721705E-02 -0.43741781507E+01  0.96418646414E+00  0.34099916866E+01
  0.17308396133E+02  0.22661048157E+00  0.17973158464E+01  0.20258968975E+00 -0.88030694724E-01  0.26656668115E-02 -0.44684200229E+01  0.11173526789E+01  0.33510673440E+01
  0.18115178090E+02  0.20588532894E+00  0.18092972725E+01  0.22372147309E+00 -0.86525183095E-01  0.25590760686E-02 -0.45536807908E+01  0.12626703346E+01  0.32910104561E+01
  0.18936135436E+02  0.18493038863E+00  0.18205864883E+01  0.24526198777E+00 -0.84793960744E-01  0.24277053336E-02 -0.46303847296E+01  0.13993431234E+01  0.32310416063E+01
  0.19771443450E+02  0.16383921632E+00  0.18311341090E+01  0.26703041059E+00 -0.82890047662E-01  0.22701393635E-02 -0.46989045976E+01  0.15267223268E+01  0.31721822708E+01
  0.20621276601E+02  0.14270433293E+00  0.18408986423E+01  0.28886288816E+00 -0.80866258435E-01  0.20847198420E-02 -0.47595640348E+01  0.16443218085E+01  0.31152422263E+01
  0.21485808409E+02  0.12161644958E+00  0.18498461230E+01  0.31061094192E+00 -0.78773936357E-01  0.18699765816E-02 -0.48126345729E+01  0.17518226951E+01  0.30608118778E+01
  0.22365211294E+02  0.10066373705E+00  0.18579498019E+01  0.33213933802E+00 -0.76661774984E-01  0.16249169927E-02 -0.48583280752E+01  0.18490641505E+01  0.30092639247E+01
  0.23259656419E+02  0.79931150829E-01  0.18651896616E+01  0.35332378228E+00 -0.74574822619E-01  0.13491516492E-02 -0.48967889160E+01  0.19360225208E+01  0.29607663952E+01
  0.24169313532E+02  0.59499840498E-01  0.18715516222E+01  0.37404917346E+00 -0.72553734547E-01  0.10428587435E-02 -0.49280892721E+01  0.20127839500E+01  0.29153053221E+01
  0.25094350802E+02  0.39446656361E-01  0.18770265848E+01  0.39420914914E+00 -0.70634259722E-01  0.70685030926E-03 -0.49522348851E+01  0.20795200844E+01  0.28727148007E+01
  0.26034934648E+02  0.19843730742E-01  0.18816095971E+01  0.41370690261E+00 -0.68846885451E-01  0.34288815357E-03 -0.49691842003E+01  0.21364726126E+01  0.28327115877E+01
  0.26991229566E+02  0.75809486535E-03  0.18852993707E+01  0.43245615323E+00 -0.67216613637E-01 -0.46198130749E-04 -0.49788678453E+01  0.21839381266E+01  0.27949297187E+01
  0.27963397948E+02 -0.17748677344E-01  0.18880982356E+01  0.45038084000E+00 -0.65762929850E-01 -0.45699881942E-03 -0.49811939857E+01  0.22222429347E+01  0.27589510510E+01
  0.28951599905E+02 -0.35620748024E-01  0.18900123018E+01  0.46741356963E+00 -0.64499992765E-01 -0.88611306816E-03 -0.49760501908E+01  0.22517188412E+01  0.27243313495E+01
  0.29955993068E+02 -0.52808154230E-01  0.18910514923E+01  0.48349488136E+00 -0.63436978252E-01 -0.13300827471E-02 -0.49633212192E+01  0.22726972293E+01  0.26906239900E+01
  0.30976732406E+02 -0.69266801232E-01  0.18912293863E+01  0.49857404180E+00 -0.62578485888E-01 -0.17848051169E-02 -0.49429218764E+01  0.22855202677E+01  0.26574016087E+01
  0.32013970023E+02 -0.84958349455E-01  0.18905629117E+01  0.51260932093E+00 -0.61924922035E-01 -0.22450653919E-02 -0.49148398158E+01  0.22905620982E+01  0.26242777177E+01
  0.33067854957E+02 -0.99850027838E-01  0.18890717858E+01  0.52556687803E+00 -0.61472805932E-01 -0.27047659031E-02 -0.48791811438E+01  0.22882537522E+01  0.25909273916E+01
  0.34138532975E+02 -0.11391441216E+00  0.18867776814E+01  0.53742020017E+00 -0.61215003541E-01 -0.31578927833E-02 -0.48361951581E+01  0.22791028836E+01  0.25570922745E+01
  0.35226146364E+02 -0.12712927874E+00  0.18837035304E+01  0.54815223921E+00 -0.61140954956E-01 -0.35992317808E-02 -0.47862615550E+01  0.22636989575E+01  0.25225625975E+01
  0.36330833714E+02 -0.13947766704E+00  0.18798735081E+01  0.55775911848E+00 -0.61236965085E-01 -0.40239413568E-02 -0.47298462799E+01  0.22426916920E+01  0.24871545879E+01
  0.37452729705E+02 -0.15094809510E+00  0.18753134692E+01  0.56625107346E+00 -0.61486585764E-01 -0.44264737591E-02 -0.46674518391E+01  0.22167485874E+01  0.24507032517E+01
  0.38591964883E+02 -0.16153467959E+00  0.18700510145E+01  0.57364924452E+00 -0.61871112257E-01 -0.48002953393E-02 -0.45996006095E+01  0.21865266239E+01  0.24130739856E+01
  0.39748665433E+02 -0.17123699240E+00  0.18641148471E+01  0.57998224279E+00 -0.62370166651E-01 -0.51394888818E-02 -0.45268501962E+01  0.21526659822E+01  0.23741842140E+01
  0.40922952956E+02 -0.18005967193E+00  0.18575338923E+01  0.58528502490E+00 -0.62962369599E-01 -0.54414277454E-02 -0.44497851909E+01  0.21157703653E+01  0.23340148256E+01
  0.42114944235E+02 -0.18801188670E+00  0.18503367759E+01  0.58959660504E+00 -0.63626217286E-01 -0.57068626324E-02 -0.43689620959E+01  0.20763585363E+01  0.22926035596E+01
  0.43324751002E+02 -0.19510671296E+00  0.18425514683E+01  0.59295416805E+00 -0.64341126547E-01 -0.59356857757E-02 -0.42848594535E+01  0.20348269311E+01  0.22500325223E+01
  0.44552479703E+02 -0.20136047162E+00  0.18342049303E+01  0.59538879954E+00 -0.65088379518E-01 -0.61243715713E-02 -0.41978751058E+01  0.19914615475E+01  0.22064135583E+01
  0.45798231258E+02 -0.20679211998E+00  0.18253234171E+01  0.59692650381E+00 -0.65851757881E-01 -0.62694892193E-02 -0.41083517737E+01  0.19464808029E+01  0.21618709708E+01
  0.47062100820E+02 -0.21142272725E+00  0.18159331844E+01  0.59759005009E+00 -0.66617758270E-01 -0.63721242074E-02 -0.40165995354E+01  0.19000758241E+01  0.21165237114E+01
  0.48344177537E+02 -0.21527493094E+00  0.18060603829E+01  0.59739959167E+00 -0.67375293662E-01 -0.64383947997E-02 -0.39229197976E+01  0.18524380598E+01  0.20704817378E+01
  0.49644544306E+02 -0.21837235036E+00  0.17957301529E+01  0.59637710395E+00 -0.68114989629E-01 -0.64759963692E-02 -0.38276450758E+01  0.18037804094E+01  0.20238646664E+01
  0.50963277530E+02 -0.22073911456E+00  0.17849658906E+01  0.59455450119E+00 -0.68828444612E-01 -0.64890110442E-02 -0.37311657626E+01  0.17543467835E+01  0.19768189791E+01
  0.52300446873E+02 -0.22239958872E+00  0.17737889638E+01  0.59197714555E+00 -0.69507722990E-01 -0.64746154257E-02 -0.36339273962E+01  0.17044037853E+01  0.19295236110E+01
  0.53656115017E+02 -0.22337817107E+00  0.17622187387E+01  0.58870033547E+00 -0.70144922720E-01 -0.64245578327E-02 -0.35364197273E+01  0.16542416320E+01  0.18821780953E+01
  0.55030337414E+02 -0.22369909166E+00  0.17502730722E+01  0.58478148685E+00 -0.70731789070E-01 -0.63305991337E-02 -0.34391278199E+01  0.16041720375E+01  0.18349557825E+01
  0.56423162050E+02 -0.22338638850E+00  0.17379688733E+01  0.58027029866E+00 -0.71259766921E-01 -0.61894880801E-02 -0.33424606953E+01  0.15545163624E+01  0.17879443329E+01
  0.57834629192E+02 -0.22246424674E+00  0.17253222044E+01  0.57520573651E+00 -0.71720366078E-01 -0.60046593349E-02 -0.32467250372E+01  0.15055904127E+01  0.17411346244E+01
  0.59264771157E+02 -0.22095755697E+00  0.17123483428E+01  0.56962336747E+00 -0.72105425486E-01 -0.57847281966E-02 -0.31521436978E+01  0.14576619544E+01  0.16944817434E+01
  0.60713612069E+02 -0.21889225184E+00  0.16990620231E+01  0.56356177142E+00 -0.72407412172E-01 -0.55402560109E-02 -0.30588915026E+01  0.14109019734E+01  0.16479895292E+01
  0.62181167622E+02 -0.21629512644E+00  0.16854767602E+01  0.55705869796E+00 -0.72619960397E-01 -0.52812878585E-02 -0.29671162999E+01  0.13653775330E+01  0.16017387669E+01
  0.63667444848E+02 -0.21319327548E+00  0.16716031915E+01  0.55014431077E+00 -0.72738401889E-01 -0.50163407204E-02 -0.28769328874E+01  0.13210822559E+01  0.15558506316E+01
  0.65172441888E+02 -0.20961350684E+00  0.16574486941E+01  0.54284299795E+00 -0.72759866506E-01 -0.47500262286E-02 -0.27884183502E+01  0.12779739597E+01  0.15104443906E+01
  0.66696147769E+02 -0.20558204780E+00  0.16430193611E+01  0.53517966672E+00 -0.72683039431E-01 -0.44813933618E-02 -0.27016022247E+01  0.12359903400E+01  0.14656118847E+01
  0.68238542176E+02 -0.20112464656E+00  0.16283221353E+01  0.52718093262E+00 -0.72507880191E-01 -0.42060224990E-02 -0.26164742889E+01  0.11950707917E+01  0.14214034972E+01
  0.69799595245E+02 -0.19626699757E+00  0.16133656048E+01  0.51887462029E+00 -0.72235455645E-01 -0.39178309971E-02 -0.25330170319E+01  0.11551741149E+01  0.13778429170E+01
  0.71379267350E+02 -0.19103519265E+00  0.15981595457E+01  0.51028954218E+00 -0.71867946348E-01 -0.36106300419E-02 -0.24512307900E+01  0.11162851892E+01  0.13349456008E+01
  0.72977508896E+02 -0.18545578451E+00  0.15827129743E+01  0.50145307786E+00 -0.71408507619E-01 -0.32794890630E-02 -0.23711496074E+01  0.10784353861E+01  0.12927142213E+01
  0.74594260131E+02 -0.17955554154E+00  0.15670328999E+01  0.49239038605E+00 -0.70860845185E-01 -0.29213705749E-02 -0.22928232878E+01  0.10416863048E+01  0.12511369829E+01
  0.76229450950E+02 -0.17336125673E+00  0.15511254981E+01  0.48312682394E+00 -0.70228716487E-01 -0.25386978633E-02 -0.22163040318E+01  0.10060960742E+01  0.12102079576E+01
  0.77883000715E+02 -0.16689953673E+00  0.15349981548E+01  0.47369064803E+00 -0.69515334941E-01 -0.21424643844E-02 -0.21416536591E+01  0.97168977634E+00  0.11699638828E+01
  0.79554818089E+02 -0.16019645476E+00  0.15186606130E+01  0.46411478818E+00 -0.68723065892E-01 -0.17492876568E-02 -0.20689314599E+01  0.93845293407E+00  0.11304785258E+01
  0.81244800866E+02 -0.15327753538E+00  0.15021252560E+01  0.45443522344E+00 -0.67854161198E-01 -0.13769136062E-02 -0.19981569999E+01  0.90634665415E+00  0.10918103458E+01
  0.82952835823E+02 -0.14616799664E+00  0.14854062244E+01  0.44467894273E+00 -0.66911905624E-01 -0.10408875518E-02 -0.19292595425E+01  0.87528250182E+00  0.10539770407E+01
  0.84678798576E+02 -0.13889232551E+00  0.14685170525E+01  0.43484993282E+00 -0.65900622516E-01 -0.75251895357E-03 -0.18621055579E+01  0.84514362368E+00  0.10169619342E+01
  0.86422553448E+02 -0.13147336468E+00  0.14514693951E+01  0.42493138719E+00 -0.64824415909E-01 -0.51836082417E-03 -0.17965744027E+01  0.81585711669E+00  0.98071728597E+00
  0.88183953352E+02 -0.12393192924E+00  0.14342740227E+01  0.41490136446E+00 -0.63685978618E-01 -0.34013236416E-03 -0.17325750527E+01  0.78738287770E+00  0.94519217498E+00
  0.89962839679E+02 -0.11628706137E+00  0.14169414814E+01  0.40474625447E+00 -0.62486389306E-01 -0.21713027583E-03 -0.16700615894E+01  0.75968443976E+00  0.91037714961E+00
  0.91759042210E+02 -0.10855663276E+00  0.13994815563E+01  0.39446418114E+00 -0.61225542534E-01 -0.14825619122E-03 -0.16090481228E+01  0.73277290427E+00  0.87627521853E+00
  0.93572379028E+02 -0.10075823025E+00  0.13819027356E+01  0.38406018942E+00 -0.59902451779E-01 -0.12766309550E-03 -0.15495611384E+01  0.70670431536E+00  0.84285682300E+00
  0.95402656454E+02 -0.92909892254E-01  0.13642111373E+01  0.37353767346E+00 -0.58515628980E-01 -0.13800767555E-03 -0.14915866268E+01  0.68149718465E+00  0.81008944220E+00
  0.97249668992E+02 -0.85030264705E-01  0.13464087855E+01  0.36289203107E+00 -0.57064342235E-01 -0.15241782531E-03 -0.14350625175E+01  0.65707307558E+00  0.77798944196E+00
  0.99113199294E+02 -0.77138241154E-01  0.13284932649E+01  0.35211550953E+00 -0.55549947699E-01 -0.14392304941E-03 -0.13799060581E+01  0.63329014623E+00  0.74661591184E+00
  0.10099301813E+03 -0.69252405950E-01  0.13104601738E+01  0.34120879718E+00 -0.53976024876E-01 -0.93550545026E-04 -0.13260497425E+01  0.61002110768E+00  0.71602863481E+00
  0.10288888439E+03 -0.61390516145E-01  0.12923072728E+01  0.33018251989E+00 -0.52347941429E-01  0.52678102410E-05 -0.12734484573E+01  0.58718209696E+00  0.68626636030E+00
  0.10480054508E+03 -0.53569212809E-01  0.12740383698E+01  0.31905073166E+00 -0.50672641326E-01  0.14600623654E-03 -0.12220652329E+01  0.56470326428E+00  0.65736196864E+00
  0.10672773536E+03 -0.45804133301E-01  0.12556646145E+01  0.30782737468E+00 -0.48958395722E-01  0.31380175982E-03 -0.11718662671E+01  0.54251168338E+00  0.62935458371E+00
  0.10867017858E+03 -0.38110306994E-01  0.12372016737E+01  0.29652450818E+00 -0.47214306564E-01  0.49389895128E-03 -0.11227898532E+01  0.52053707212E+00  0.60225278111E+00
  0.11062758634E+03 -0.30502510270E-01  0.12186651415E+01  0.28515207983E+00 -0.45449671551E-01  0.67480160353E-03 -0.10747490766E+01  0.49875366640E+00  0.57599541024E+00
  0.11259965854E+03 -0.22995424712E-01  0.12000691867E+01  0.27372450314E+00 -0.43673094839E-01  0.84396648520E-03 -0.10277238253E+01  0.47723517967E+00  0.55048864567E+00
  0.11458608355E+03 -0.15603719447E-01  0.11814289805E+01  0.26226490866E+00 -0.41891575460E-01  0.98786065651E-03 -0.98177251442E+00  0.45610921780E+00  0.52566329662E+00
  0.11658653822E+03 -0.83417410101E-02  0.11627609396E+01  0.25079824827E+00 -0.40109960183E-01  0.10999298782E-02 -0.93693985401E+00  0.43546806991E+00  0.50147178410E+00
  0.11860068808E+03 -0.12227137236E-02  0.11440807268E+01  0.23934625093E+00 -0.38330937317E-01  0.11841674212E-02 -0.89323984389E+00  0.41535837080E+00  0.47788147309E+00
  0.12062818748E+03  0.57416019437E-02  0.11254040779E+01  0.22792977523E+00 -0.36556056580E-01  0.12473673919E-02 -0.85068226526E+00  0.39579505206E+00  0.45488721320E+00
  0.12266867973E+03  0.12540452334E-01  0.11067495784E+01  0.21656736024E+00 -0.34787271486E-01  0.12919015822E-02 -0.80925125148E+00  0.37674942661E+00  0.43250182487E+00
  0.12472179731E+03  0.19163532795E-01  0.10881399972E+01  0.20527025726E+00 -0.33027699469E-01  0.13189622752E-02 -0.76892656877E+00  0.35818326640E+00  0.41074330237E+00
  0.12678716203E+03  0.25600777961E-01  0.10696030648E+01  0.19404412881E+00 -0.31281480335E-01  0.13328571815E-02 -0.72971293190E+00  0.34007054951E+00  0.38964238239E+00
  0.12886438532E+03  0.31842674034E-01  0.10511715477E+01  0.18289604843E+00 -0.29553026004E-01  0.13403399803E-02 -0.69163162827E+00  0.32240109023E+00  0.36923053804E+00
  0.13095306842E+03  0.37880875441E-01  0.10328819378E+01  0.17184039826E+00 -0.27846084924E-01  0.13482048083E-02 -0.65472487090E+00  0.30520468204E+00  0.34952018886E+00
  0.13305280262E+03  0.43708449600E-01  0.10147731693E+01  0.16089873170E+00 -0.26163422588E-01  0.13598813345E-02 -0.61906318157E+00  0.28854715386E+00  0.33051602770E+00
  0.13516316958E+03  0.49319415260E-01  0.99688661069E+00  0.15009469799E+00 -0.24507213267E-01  0.13725961000E-02 -0.58472848031E+00  0.27248162534E+00  0.31224685497E+00
  0.13728374161E+03  0.54707878539E-01  0.97926745169E+00  0.13945184085E+00 -0.22879679649E-01  0.13786571752E-02 -0.55179168151E+00  0.25702110970E+00  0.29477057181E+00
  0.13941408195E+03  0.59867348359E-01  0.96196536566E+00  0.12899658293E+00 -0.21283719469E-01  0.13702130167E-02 -0.52029257891E+00  0.24214453093E+00  0.27814804798E+00
  0.14155374512E+03  0.64790813565E-01  0.94503224030E+00  0.11876120432E+00 -0.19723242871E-01  0.13433762166E-02 -0.49022876356E+00  0.22780935834E+00  0.26241940522E+00
  0.14370227724E+03  0.69471667870E-01  0.92851908436E+00  0.10878202066E+00 -0.18202808944E-01  0.13003380893E-02 -0.46155988075E+00  0.21396892415E+00  0.24759095660E+00
  0.14585921643E+03  0.73904694430E-01  0.91247578768E+00  0.99094571265E-01 -0.16726775717E-01  0.12484428218E-02 -0.43423831413E+00  0.20059974291E+00  0.23363857122E+00
  0.14802409311E+03  0.78086106010E-01  0.89695378534E+00  0.89733736706E-01 -0.15298748585E-01  0.11951948633E-02 -0.40823714424E+00  0.18771307024E+00  0.22052407400E+00
  0.15019643047E+03  0.82012559538E-01  0.88201004059E+00  0.80739447958E-01 -0.13921714332E-01  0.11437330818E-02 -0.38356644644E+00  0.17534321850E+00  0.20822322793E+00
  0.15237574479E+03  0.85680078726E-01  0.86770950124E+00  0.72160177374E-01 -0.12598324296E-01  0.10940164734E-02 -0.36029278159E+00  0.16355247488E+00  0.19674030671E+00
  0.15456154590E+03  0.89083743057E-01  0.85412407936E+00  0.64049384841E-01 -0.11330666565E-01  0.10465001223E-02 -0.33852659968E+00  0.15243559683E+00  0.18609100285E+00
  0.15675333762E+03  0.92218093093E-01  0.84132969792E+00  0.56459313617E-01 -0.10119867572E-01  0.10032983934E-02 -0.31837862222E+00  0.14209243283E+00  0.17628618939E+00
  0.15895061813E+03  0.95077882734E-01  0.82940317023E+00  0.49436158415E-01 -0.89657613068E-02  0.96692716950E-03 -0.29992861645E+00  0.13258928698E+00  0.16733932947E+00
  0.16115288049E+03  0.97658866030E-01  0.81841931753E+00  0.43017503434E-01 -0.78664759834E-02  0.93977797077E-03 -0.28322652014E+00  0.12395882901E+00  0.15926769113E+00
  0.16335961308E+03  0.99958082008E-01  0.80844911702E+00  0.37233633486E-01 -0.68182392083E-02  0.92368741513E-03 -0.26831102680E+00  0.11622988785E+00  0.15208113894E+00
  0.16557030002E+03  0.10197344804E+00  0.79955923244E+00  0.32111042267E-01 -0.58156888542E-02  0.91779304620E-03 -0.25521858490E+00  0.10943744262E+00  0.14578114228E+00
  0.16778442172E+03  0.10370317280E+00  0.79181178026E+00  0.27674354970E-01 -0.48525946538E-02  0.91788774025E-03 -0.24397363647E+00  0.10360486494E+00  0.14036877153E+00
  0.17000145531E+03  0.10514563726E+00  0.78526312440E+00  0.23945267963E-01 -0.39226471695E-02  0.91925062918E-03 -0.23458143869E+00  0.98734741961E-01  0.13584669673E+00
  0.17222087515E+03  0.10629974500E+00  0.77996228943E+00  0.20941822781E-01 -0.30200350519E-02  0.91993296337E-03 -0.22704000663E+00  0.94819761024E-01  0.13222024561E+00
  0.17444215334E+03  0.10716513779E+00  0.77595007995E+00  0.18679200464E-01 -0.21395906231E-02  0.92063575888E-03 -0.22136171839E+00  0.91862433438E-01  0.12949928495E+00
  0.17666476018E+03  0.10774193202E+00  0.77325807501E+00  0.17168408081E-01 -0.12762513997E-02  0.92196952404E-03 -0.21756998015E+00  0.89879525819E-01  0.12769045433E+00
  0.17888816473E+03  0.10803029699E+00  0.77190713516E+00  0.16413474474E-01 -0.42410173178E-03  0.92315352638E-03 -0.21567540715E+00  0.88885504065E-01  0.12678990308E+00
