 % Finite-difference simulation Chan180_FD2
 % 
 % Paper: "Comparison of DNS databases of turbulent channel flow
 %         at Re_tau=180" by A.W. Vreman and J.G.M. Kuerten
 % 
 % Parameters:     H=1; nu=1/180; forcing=1
 % Domain:         4pi x 2 x 4pi/3
 % Resolution:     512 x 256 x 256
 % Averaging time: 200
 % Computed u_tau: 0.99996
 % 
 % Creation date of this datafile: 2nd September 2013
 % 
 % Description of columns:
 % Column 1: y+ (=180*y)
 % Column 2: Production           -2<v'v'>d<v>/dy
 % Column 3: Pressure strain       2<p'dv'/dy>
 % Column 4: Dissipation          -2nu<|grad v'|^2>
 % Column 5: Turbulent diffusion  -d<v'v'v'>/dy
 % Column 6: Pressure diffusion   -2d<p'v'>/dy
 % Column 7: Viscous diffusion     nu*d^2 <v'v'>/dy^2
 % Column 8: Balance (sum)
  0.24149517884E+00 -0.62185703118E-19 -0.87408834580E+00 -0.58422449767E-02 -0.44628222226E-05  0.86910991696E+00  0.10825116322E-01 -0.20321616877E-07
  0.73154524918E+00 -0.60451523526E-19 -0.22002430524E+01 -0.44086584581E-01 -0.79582465677E-04  0.21803560252E+01  0.64052537995E-01 -0.65628305983E-06
  0.12311392429E+01 -0.61277037750E-20 -0.30706073999E+01 -0.10314394418E+00 -0.46083116596E-03  0.30313800118E+01  0.14282841138E+00 -0.37521212583E-05
  0.17404356529E+01  0.15297352194E-19 -0.35964852566E+01 -0.17125904174E+00 -0.15091528939E-02  0.35423953579E+01  0.22684622910E+00 -0.11864254443E-04
  0.22595944551E+01 -0.33236053954E-19 -0.38697845635E+01 -0.24154788302E+00 -0.34340528407E-02  0.38105724192E+01  0.30416684640E+00 -0.27233769608E-04
  0.27887770703E+01  0.82027675241E-19 -0.39631701242E+01 -0.31053643918E+00 -0.59762481053E-02  0.39109804227E+01  0.36865102951E+00 -0.51359347994E-04
  0.33281463235E+01 -0.25020884346E-19 -0.39319291123E+01 -0.37706095964E+00 -0.82237952139E-02  0.38991560605E+01  0.41797265611E+00 -0.85150577789E-04
  0.38778664004E+01  0.25491560167E-18 -0.38165378633E+01 -0.44143314824E+00 -0.86188716272E-02  0.38143089804E+01  0.45215153138E+00 -0.12937143066E-03
  0.44381028007E+01 -0.43666889686E-18 -0.36453797238E+01 -0.50480556061E+00 -0.51297384222E-02  0.36826154936E+01  0.47251483383E+00 -0.18469542491E-03
  0.50090222881E+01 -0.44979256374E-18 -0.34373449166E+01 -0.56869551019E+00  0.44751573880E-02  0.35203245282E+01  0.48098971847E+00 -0.25102269743E-03
  0.55907928373E+01 -0.10941309093E-18 -0.32041889790E+01 -0.63464152271E+00  0.22314312371E-01  0.33365463348E+01  0.47964333638E+00 -0.32651805878E-03
  0.61835835779E+01 -0.74945432771E-18 -0.29525914924E+01 -0.70397407912E+00  0.50089196120E-01  0.31356623595E+01  0.47040673693E+00 -0.40727893320E-03
  0.67875647341E+01 -0.98873775187E-18 -0.26858861804E+01 -0.77768360646E+00  0.88823287747E-01  0.29193232690E+01  0.45493516812E+00 -0.48806204107E-03
  0.74029075619E+01  0.18885343803E-17 -0.24054515580E+01 -0.85636677548E+00  0.13867226655E+00  0.26880167384E+01  0.43456589256E+00 -0.56343593024E-03
  0.80297842815E+01 -0.11330792494E-16 -0.21117669499E+01 -0.94023016665E+00  0.19882929586E+00  0.24422011970E+01  0.41033840616E+00 -0.62821749876E-03
  0.86683680075E+01 -0.13218377846E-16 -0.18051531706E+01 -0.10291308834E+01  0.26753727544E+00  0.21830228985E+01  0.38304700181E+00 -0.67687824427E-03
  0.93188326739E+01  0.15075063828E-17 -0.14862308633E+01 -0.11226372939E+01  0.34219909380E+00  0.19126612685E+01  0.35330478454E+00 -0.70301048364E-03
  0.99813529560E+01  0.50631433815E-17 -0.11561435015E+01 -0.12200977475E+01  0.41956060913E+00  0.16343732376E+01  0.32160730549E+00 -0.70009675908E-03
  0.10656104188E+02  0.41453111692E-16 -0.81660409661E+00 -0.13207086036E+01  0.49593908167E+00  0.13523218747E+01  0.28838817871E+00 -0.66356512566E-03
  0.11343262278E+02 -0.83297741994E-17 -0.46982879566E+00 -0.14235756503E+01  0.56747376593E+00  0.10712766612E+01  0.25406097194E+00 -0.59304685759E-03
  0.12043003613E+02 -0.11317034001E-15 -0.11841262263E+00 -0.15277658617E+01  0.63037713647E+00  0.79626288139E+00  0.21904525005E+00 -0.49321644954E-03
  0.12755504973E+02 -0.71526135420E-16  0.23481349812E+00 -0.16323485986E+01  0.68116812850E+00  0.53221756549E+00  0.18377764823E+00 -0.37175822624E-03
  0.13480943422E+02 -0.13542359540E-16  0.58692137556E+00 -0.17364261458E+01  0.71687310167E+00  0.28368791179E+00  0.14870878922E+00 -0.23496753146E-03
  0.14219496212E+02 -0.26147646021E-17  0.93500807852E+00 -0.18391541772E+01  0.73518014455E+00  0.54594494984E-01  0.11428758973E+00 -0.83869424520E-04
  0.14971340671E+02 -0.71064307651E-16  0.12762955740E+01 -0.19397541246E+01  0.73453141375E+00 -0.15192456346E+00  0.80938488258E-01  0.86787966984E-04
  0.15736654095E+02  0.46235026089E-18  0.16082008069E+01 -0.20375199726E+01  0.71414700803E+00 -0.33357983422E+00  0.49039031001E-01  0.28703907259E-03
  0.16515613625E+02  0.18529217332E-15  0.19283729283E+01 -0.21318215154E+01  0.67398934501E+00 -0.48891436649E+00  0.18902996248E-01  0.52938763336E-03
  0.17308396133E+02  0.97468314417E-16  0.22347053578E+01 -0.22221056417E+01  0.61468600177E+00 -0.61723099319E+00 -0.92283545241E-02  0.82637015264E-03
  0.18115178090E+02 -0.16462609840E-15  0.25253406693E+01 -0.23078964147E+01  0.53743019746E+00 -0.71850034273E+00 -0.35186605462E-01  0.11875038340E-02
  0.18936135436E+02 -0.31934078548E-15  0.27986862467E+01 -0.23887940240E+01  0.44387637962E+00 -0.79328330756E+00 -0.58869348222E-01  0.16159465897E-02
  0.19771443450E+02 -0.35314968697E-15  0.30534446536E+01 -0.24644732637E+01  0.33604214811E+00 -0.84267957222E+00 -0.80227097290E-01  0.21068685285E-02
  0.20621276601E+02 -0.41567428201E-15  0.32886436169E+01 -0.25346816456E+01  0.21621885595E+00 -0.86828494411E+00 -0.99247652939E-01  0.26482302385E-02
  0.21485808409E+02 -0.22230735939E-15  0.35036453901E+01 -0.25992355350E+01  0.86885949622E-01 -0.87212914361E+00 -0.11594549681E+00  0.32211643496E-02
  0.22365211294E+02  0.55314325852E-15  0.36981283010E+01 -0.26580132164E+01 -0.49376174288E-01 -0.85658069719E+00 -0.13036012024E+00  0.37980929015E-02
  0.23259656419E+02 -0.51116538544E-16  0.38720450417E+01 -0.27109464638E+01 -0.18997113108E+00 -0.82422657317E+00 -0.14255863461E+00  0.43422390546E-02
  0.24169313532E+02 -0.12977372183E-14  0.40255679000E+01 -0.27580142119E+01 -0.33235658990E+00 -0.77775013501E+00 -0.15263382497E+00  0.48131381974E-02
  0.25094350802E+02 -0.33214599366E-15  0.41590401688E+01 -0.27992393695E+01 -0.47409085231E+00 -0.71983929427E+00 -0.16069451956E+00  0.51761330831E-02
  0.26034934648E+02  0.37232988324E-15  0.42729452252E+01 -0.28346862445E+01 -0.61286595249E+00 -0.65312999952E+00 -0.16685398491E+00  0.54090437916E-02
  0.26991229566E+02  0.90562515100E-15  0.43678762532E+01 -0.28644555315E+01 -0.74654139782E+00 -0.58015037750E+00 -0.17122649079E+00  0.55024556304E-02
  0.27963397948E+02  0.13924820266E-14  0.44444858694E+01 -0.28886765950E+01 -0.87317195397E+00 -0.50324398774E+00 -0.17393599989E+00  0.54573327929E-02
  0.28951599905E+02  0.22032286999E-15  0.45034376825E+01 -0.29075008457E+01 -0.99102153944E+00 -0.42450383476E+00 -0.17512540229E+00  0.52860603169E-02
  0.29955993068E+02 -0.83587875826E-15  0.45453944586E+01 -0.29210996102E+01 -0.10985749783E+01 -0.34574966697E+00 -0.17495322860E+00  0.50169744844E-02
  0.30976732406E+02 -0.11392733543E-14  0.45710405354E+01 -0.29296640745E+01 -0.11945538989E+01 -0.26854232651E+00 -0.17358274367E+00  0.46974918836E-02
  0.32013970023E+02 -0.54668206836E-15  0.45811241963E+01 -0.29334028746E+01 -0.12779346445E+01 -0.19422140297E+00 -0.17117446661E+00  0.43908075601E-02
  0.33067854957E+02  0.22245346775E-16  0.45765075043E+01 -0.29325379943E+01 -0.13479754707E+01 -0.12394999849E+00 -0.16787979913E+00  0.41642416756E-02
  0.34138532975E+02  0.66532669271E-15  0.45582057672E+01 -0.29273045108E+01 -0.14042587381E+01 -0.58744854752E-01 -0.16382425194E+00  0.40734115645E-02
  0.35226146364E+02  0.10039551438E-14  0.45273979150E+01 -0.29179534193E+01 -0.14467225164E+01  0.51619483664E-03 -0.15908888315E+00  0.41492910797E-02
  0.36330833714E+02  0.10778252537E-14  0.44853833840E+01 -0.29047446454E+01 -0.14756316851E+01  0.53111393518E-01 -0.15372448656E+00  0.43939605883E-02
  0.37452729705E+02  0.36142626579E-15  0.44334971748E+01 -0.28879320892E+01 -0.14915006622E+01  0.98513490917E-01 -0.14779287235E+00  0.47850419934E-02
  0.38591964883E+02 -0.12549030999E-16  0.43730532478E+01 -0.28677586389E+01 -0.14950371681E+01  0.13641181534E+00 -0.14138802275E+00  0.52812333651E-02
  0.39748665433E+02  0.72495138353E-15  0.43053319644E+01 -0.28444614636E+01 -0.14871255282E+01  0.16670654897E+00 -0.13462711850E+00  0.58244030942E-02
  0.40922952956E+02 -0.58678889807E-16  0.42315407305E+01 -0.28182777800E+01 -0.14688156370E+01  0.18952926215E+00 -0.12763283303E+00  0.63437426274E-02
  0.42114944235E+02 -0.42693336138E-15  0.41527170726E+01 -0.27894438201E+01 -0.14412804813E+01  0.20530043375E+00 -0.12052366851E+00  0.67695363451E-02
  0.43324751002E+02  0.43124060417E-15  0.40696538623E+01 -0.27581874245E+01 -0.14057417601E+01  0.21473786289E+00 -0.11340903384E+00  0.70535066693E-02
  0.44552479703E+02  0.12823625273E-14  0.39829230949E+01 -0.27247234322E+01 -0.13634095931E+01  0.21876774542E+00 -0.10637878200E+00  0.71790330602E-02
  0.45798231258E+02  0.12830874798E-14  0.38929616058E+01 -0.26892538968E+01 -0.13154438316E+01  0.21838875981E+00 -0.99501701396E-01  0.71509358058E-02
  0.47062100820E+02  0.45665461268E-15  0.38001516481E+01 -0.26519702117E+01 -0.12628867561E+01  0.21452893944E+00 -0.92839742571E-01  0.69838772016E-02
  0.48344177537E+02 -0.43324461433E-15  0.37048761196E+01 -0.26130568515E+01 -0.12065817169E+01  0.20792408316E+00 -0.86451390402E-01  0.67102440179E-02
  0.49644544306E+02 -0.39484968741E-16  0.36075608189E+01 -0.25726950591E+01 -0.11471702582E+01  0.19906660223E+00 -0.80374958410E-01  0.63871453528E-02
  0.50963277530E+02  0.41381258544E-15  0.35086935671E+01 -0.25310641432E+01 -0.10851682118E+01  0.18824457929E+00 -0.74622103565E-01  0.60836877812E-02
  0.52300446873E+02 -0.42151659266E-17  0.34088075706E+01 -0.24883385211E+01 -0.10210095767E+01  0.17560956213E+00 -0.69194744637E-01  0.58742903012E-02
  0.53656115017E+02 -0.89425065573E-17  0.33084832639E+01 -0.24446834559E+01 -0.95506227987E+00  0.16119571447E+00 -0.64094258342E-01  0.58389843042E-02
  0.55030337414E+02  0.89817938879E-15  0.32083440749E+01 -0.24002553499E+01 -0.88773983015E+00  0.14498675319E+00 -0.59304641094E-01  0.60310069257E-02
  0.56423162050E+02  0.90946239882E-15  0.31090327249E+01 -0.23552039060E+01 -0.81964424049E+00  0.12701861632E+00 -0.54776111706E-01  0.64270829942E-02
  0.57834629192E+02  0.23893067717E-15  0.30111808254E+01 -0.23096673325E+01 -0.75153673631E+00  0.10739095728E+00 -0.50442465477E-01  0.69252484449E-02
  0.59264771157E+02  0.23089366509E-15  0.29153239088E+01 -0.22637623649E+01 -0.68415879597E+00  0.86263989500E-01 -0.46263629156E-01  0.74031082106E-02
  0.60713612069E+02  0.44128747272E-15  0.28218039467E+01 -0.22175801343E+01 -0.61810919982E+00  0.63912089605E-01 -0.42249174901E-01  0.77775273010E-02
  0.62181167622E+02  0.68014722221E-15  0.27307550660E+01 -0.21711967571E+01 -0.55384617152E+00  0.40744416196E-01 -0.38439374510E-01  0.80171791255E-02
  0.63667444848E+02  0.42623141930E-15  0.26421645118E+01 -0.21246871114E+01 -0.49170407519E+00  0.17229997787E-01 -0.34870738499E-01  0.81325845163E-02
  0.65172441888E+02  0.40226647650E-15  0.25559479193E+01 -0.20781319736E+01 -0.43187681774E+00 -0.62123829923E-02 -0.31551391197E-01  0.81753537676E-02
  0.66696147769E+02  0.20231781604E-15  0.24719806800E+01 -0.20316169228E+01 -0.37443480681E+00 -0.29242861566E-01 -0.28457463829E-01  0.82286249736E-02
  0.68238542176E+02  0.60668813393E-17  0.23901415834E+01 -0.19852297262E+01 -0.31940446525E+00 -0.51591963530E-01 -0.25542492054E-01  0.83729363304E-02
  0.69799595245E+02  0.22788781089E-15  0.23103482298E+01 -0.19390570642E+01 -0.26686189629E+00 -0.73027089226E-01 -0.22761760746E-01  0.86404193716E-02
  0.71379267350E+02 -0.21374244169E-15  0.22325703785E+01 -0.18931761036E+01 -0.21696245812E+00 -0.93334804951E-01 -0.20103643686E-01  0.89933680778E-02
  0.72977508896E+02 -0.41053977782E-15  0.21568707722E+01 -0.18476563155E+01 -0.16989032111E+00 -0.11239265743E+00 -0.17579079804E-01  0.93523983017E-02
  0.74594260131E+02 -0.39904617027E-15  0.20833726097E+01 -0.18025640249E+01 -0.12577492903E+00 -0.13019543149E+00 -0.15191776123E-01  0.96464481580E-02
  0.76229450950E+02 -0.81126569778E-15  0.20121921484E+01 -0.17579525706E+01 -0.84591660914E-01 -0.14685696783E+00 -0.12946385179E-01  0.98445638732E-02
  0.77883000715E+02 -0.59274948688E-15  0.19433795527E+01 -0.17138583845E+01 -0.46128033414E-01 -0.16257302690E+00 -0.10858842336E-01  0.99612654915E-02
  0.79554818089E+02 -0.37322581578E-15  0.18769058681E+01 -0.16703203150E+01 -0.10167553219E-01 -0.17747474575E+00 -0.89208766245E-02  0.10022377589E-01
  0.81244800866E+02  0.13999189906E-16  0.18126933083E+01 -0.16273845993E+01  0.23317622246E-01 -0.19150849730E+00 -0.71048897505E-02  0.10012944234E-01
  0.82952835823E+02  0.18788057436E-15  0.17505650036E+01 -0.15850843512E+01  0.54324883183E-01 -0.20447893792E+00 -0.54287805391E-02  0.98978171471E-02
  0.84678798576E+02 -0.17095812962E-15  0.16902872474E+01 -0.15434432980E+01  0.83084682012E-01 -0.21630171502E+00 -0.39396448671E-02  0.96872715175E-02
  0.86422553448E+02  0.11378861404E-16  0.16317142334E+01 -0.15024904562E+01  0.11004452396E+00 -0.22718757888E+00 -0.26465361754E-02  0.94341861008E-02
  0.88183953352E+02  0.17055469941E-15  0.15747657554E+01 -0.14622540564E+01  0.13568676678E+00 -0.23749039309E+00 -0.15210135042E-02  0.91870592238E-02
  0.89962839679E+02 -0.11532010226E-16  0.15193688795E+01 -0.14227587092E+01  0.16036451812E+00 -0.24749148508E+00 -0.51931395394E-03  0.89638894040E-02
  0.91759042210E+02 -0.11613113390E-16  0.14655458085E+01 -0.13840347915E+01  0.18423341381E+00 -0.25741054867E+00  0.41541019739E-03  0.87492923503E-02
  0.93572379028E+02 -0.89409355563E-17  0.14134086307E+01 -0.13461165776E+01  0.20733234093E+00 -0.26743192427E+00  0.13281085325E-02  0.85205783390E-02
  0.95402656454E+02  0.28179470705E-15  0.13629943693E+01 -0.13090351396E+01  0.22965019026E+00 -0.27756382086E+00  0.22300626684E-02  0.82756617412E-02
  0.97249668992E+02  0.44132811728E-15  0.13141461512E+01 -0.12728076146E+01  0.25111006264E+00 -0.28751783343E+00  0.31042343400E-02  0.80350001006E-02
  0.99113199294E+02  0.14237531313E-15  0.12665802925E+01 -0.12374331536E+01  0.27161160215E+00 -0.29685125607E+00  0.39235618235E-02  0.78310467985E-02
  0.10099301813E+03 -0.61091624386E-17  0.12200422154E+01 -0.12028993176E+01  0.29105980841E+00 -0.30518797804E+00  0.46647786526E-02  0.76795067912E-02
  0.10288888439E+03  0.28293753286E-15  0.11743641939E+01 -0.11691911439E+01  0.30932015370E+00 -0.31225418759E+00  0.53178743430E-02  0.75568904901E-02
  0.10480054508E+03  0.28478983146E-15  0.11294065286E+01 -0.11363007561E+01  0.32624679907E+00 -0.31782209049E+00  0.58940960615E-02  0.74245771179E-02
  0.10672773536E+03 -0.12157406859E-15  0.10850233668E+01 -0.11042295680E+01  0.34178509250E+00 -0.32172844435E+00  0.64177451355E-02  0.72681920767E-02
  0.10867017858E+03  0.38171982076E-18  0.10410741442E+01 -0.10729880148E+01  0.35600215173E+00 -0.32390008339E+00  0.69097684281E-02  0.70979661716E-02
  0.11062758634E+03  0.12149083987E-15  0.99750733279E+00 -0.10425906506E+01  0.36902014761E+00 -0.32439692260E+00  0.73800190655E-02  0.69199262926E-02
  0.11259965854E+03 -0.14508240496E-17  0.95447035934E+00 -0.10130520710E+01  0.38095426118E+00 -0.32348888833E+00  0.78349502179E-02  0.67186114428E-02
  0.11458608355E+03 -0.46057079574E-16  0.91221843561E+00 -0.98437804995E+00  0.39196974896E+00 -0.32159129525E+00  0.82617916257E-02  0.64806309974E-02
  0.11658653822E+03 -0.38124025354E-16  0.87093613983E+00 -0.95656754953E+00  0.40237147991E+00 -0.31911840257E+00  0.86242905962E-02  0.62459582319E-02
  0.11860068808E+03  0.11193091434E-15  0.83071674160E+00 -0.92963117813E+00  0.41246178952E+00 -0.31637030959E+00  0.89111147853E-02  0.60881581820E-02
  0.12062818748E+03  0.53640862409E-16  0.79159010413E+00 -0.90358857491E+00  0.42230481593E+00 -0.31342474942E+00  0.91485844533E-02  0.60301801814E-02
  0.12266867973E+03 -0.32626626688E-17  0.75349885322E+00 -0.87845241731E+00  0.43175491827E+00 -0.31013146475E+00  0.93641812138E-02  0.60340706393E-02
  0.12472179731E+03  0.46285737170E-16  0.71636653280E+00 -0.85422657125E+00  0.44063889411E+00 -0.30629482873E+00  0.95685292979E-02  0.60525562337E-02
  0.12678716203E+03  0.98072409436E-16  0.68014109901E+00 -0.83090782164E+00  0.44888648361E+00 -0.30180940744E+00  0.97492318411E-02  0.60595853891E-02
  0.12886438532E+03  0.53213594780E-16  0.64480218046E+00 -0.80849126660E+00  0.45657188797E+00 -0.29670675868E+00  0.98809259683E-02  0.60569691168E-02
  0.13095306842E+03 -0.97927187733E-16  0.61040936407E+00 -0.78697875594E+00  0.46380219438E+00 -0.29113873003E+00  0.99550723647E-02  0.60491448461E-02
  0.13305280262E+03 -0.96677198593E-16  0.57709430772E+00 -0.76638057140E+00  0.47057651596E+00 -0.28526972533E+00  0.99936608081E-02  0.60141877672E-02
  0.13516316958E+03  0.13359461742E-17  0.54496325069E+00 -0.74670723819E+00  0.47679458336E+00 -0.27916242345E+00  0.10034560994E-01  0.59227334059E-02
  0.13728374161E+03  0.32711193527E-17  0.51404221940E+00 -0.72796094218E+00  0.48232935920E+00 -0.27275411139E+00  0.10106585035E-01  0.57631100589E-02
  0.13941408195E+03  0.42648443662E-16  0.48428906186E+00 -0.71013271584E+00  0.48706969119E+00 -0.26589798655E+00  0.10206190693E-01  0.55342413575E-02
  0.14155374512E+03  0.88821851393E-16  0.45561871668E+00 -0.69320685185E+00  0.49099614891E+00 -0.25844875941E+00  0.10295058095E-01  0.52543124276E-02
  0.14370227724E+03  0.46067616463E-16  0.42793784830E+00 -0.67717324080E+00  0.49424607893E+00 -0.25035895338E+00  0.10333557099E-01  0.49852901466E-02
  0.14585921643E+03  0.78656769290E-16  0.40119948582E+00 -0.66203889054E+00  0.49703086222E+00 -0.24170536454E+00  0.10321773307E-01  0.48078662769E-02
  0.14802409311E+03  0.34816603073E-16  0.37542614048E+00 -0.64782557230E+00  0.49946638615E+00 -0.23260905500E+00  0.10301006950E-01  0.47589062831E-02
  0.15019643047E+03  0.30263644511E-17  0.35068643700E+00 -0.63455519482E+00  0.50150399883E+00 -0.22314590263E+00  0.10314713736E-01  0.48040521194E-02
  0.15237574479E+03 -0.66911203304E-16  0.32710494976E+00 -0.62223651145E+00  0.50301256598E+00 -0.21338566721E+00  0.10373768718E-01  0.48691057961E-02
  0.15456154590E+03 -0.65723519503E-16  0.30487119365E+00 -0.61086951094E+00  0.50388428464E+00 -0.20346411541E+00  0.10461256002E-01  0.48831079457E-02
  0.15675333762E+03  0.76741964293E-16  0.28418486566E+00 -0.60045359755E+00  0.50409950241E+00 -0.19358071806E+00  0.10548739660E-01  0.47987921204E-02
  0.15895061813E+03  0.76444153614E-16  0.26517857397E+00 -0.59098731399E+00  0.50379255117E+00 -0.18397450947E+00  0.10606604504E-01  0.46159061831E-02
  0.16115288049E+03  0.77183488111E-17  0.24791765802E+00 -0.58247148335E+00  0.50323850412E+00 -0.17491709086E+00  0.10624789014E-01  0.43923769572E-02
  0.16335961308E+03 -0.25175521863E-17  0.23245977570E+00 -0.57490957864E+00  0.50271656910E+00 -0.16667857995E+00  0.10619851350E-01  0.42080375654E-02
  0.16557030002E+03  0.28464011852E-16  0.21887488524E+00 -0.56830298638E+00  0.50238297038E+00 -0.15945780366E+00  0.10614667871E-01  0.41117334512E-02
  0.16778442172E+03  0.38739490384E-16  0.20720972987E+00 -0.56264808027E+00  0.50225254959E+00 -0.15332653329E+00  0.10613567287E-01  0.41012331947E-02
  0.17000145531E+03  0.35354680330E-17  0.19746948392E+00 -0.55793916045E+00  0.50224543218E+00 -0.14823662765E+00  0.10602942704E-01  0.41420707009E-02
  0.17222087515E+03 -0.43324284196E-17  0.18963952205E+00 -0.55417301615E+00  0.50222938658E+00 -0.14407850441E+00  0.10574819066E-01  0.41922071360E-02
  0.17444215334E+03 -0.72998153674E-16  0.18372486688E+00 -0.55134916526E+00  0.50208533423E+00 -0.14078373708E+00  0.10539513722E-01  0.42168124976E-02
  0.17666476018E+03 -0.74641200216E-16  0.17975905164E+00 -0.54946760534E+00  0.50181848464E+00 -0.13841703356E+00  0.10512945592E-01  0.42058429695E-02
  0.17888816473E+03 -0.49143613693E-17  0.17777100813E+00 -0.54852725265E+00  0.50159510299E+00 -0.13715552958E+00  0.10500576262E-01  0.41839051590E-02
